1000003	1000033	1000037	1000039	1000081	1000099	1000117	1000121	1000133	1000151
1000159	1000171	1000183	1000187	1000193	1000199	1000211	1000213	1000231	1000249
1000253	1000273	1000289	1000291	1000303	1000313	1000333	1000357	1000367	1000381
1000393	1000397	1000403	1000409	1000423	1000427	1000429	1000453	1000457	1000507
1000537	1000541	1000547	1000577	1000579	1000589	1000609	1000619	1000621	1000639
1000651	1000667	1000669	1000679	1000691	1000697	1000721	1000723	1000763	1000777
1000793	1000829	1000847	1000849	1000859	1000861	1000889	1000907	1000919	1000921
1000931	1000969	1000973	1000981	1000999	1001003	1001017	1001023	1001027	1001041
1001069	1001081	1001087	1001089	1001093	1001107	1001123	1001153	1001159	1001173
1001177	1001191	1001197	1001219	1001237	1001267	1001279	1001291	1001303	1001311
1001321	1001323	1001327	1001347	1001353	1001369	1001381	1001387	1001389	1001401
1001411	1001431	1001447	1001459	1001467	1001491	1001501	1001527	1001531	1001549
1001551	1001563	1001569	1001587	1001593	1001621	1001629	1001639	1001659	1001669
1001683	1001687	1001713	1001723	1001743	1001783	1001797	1001801	1001807	1001809
1001821	1001831	1001839	1001911	1001933	1001941	1001947	1001953	1001977	1001981
1001983	1001989	1002017	1002049	1002061	1002073	1002077	1002083	1002091	1002101
1002109	1002121	1002143	1002149	1002151	1002173	1002191	1002227	1002241	1002247
1002257	1002259	1002263	1002289	1002299	1002341	1002343	1002347	1002349	1002359
1002361	1002377	1002403	1002427	1002433	1002451	1002457	1002467	1002481	1002487
1002493	1002503	1002511	1002517	1002523	1002527	1002553	1002569	1002577	1002583
1002619	1002623	1002647	1002653	1002679	1002709	1002713	1002719	1002721	1002739
1002751	1002767	1002769	1002773	1002787	1002797	1002809	1002817	1002821	1002851
1002853	1002857	1002863	1002871	1002887	1002893	1002899	1002913	1002917	1002929
1002931	1002973	1002979	1003001	1003003	1003019	1003039	1003049	1003087	1003091
1003097	1003103	1003109	1003111	1003133	1003141	1003193	1003199	1003201	1003241
1003259	1003273	1003279	1003291	1003307	1003337	1003349	1003351	1003361	1003363
1003367	1003369	1003381	1003397	1003411	1003417	1003433	1003463	1003469	1003507
1003517	1003543	1003549	1003589	1003601	1003609	1003619	1003621	1003627	1003631
1003679	1003693	1003711	1003729	1003733	1003741	1003747	1003753	1003757	1003763
1003771	1003787	1003817	1003819	1003841	1003879	1003889	1003897	1003907	1003909
1003913	1003931	1003943	1003957	1003963	1004027	1004033	1004053	1004057	1004063
1004077	1004089	1004117	1004119	1004137	1004141	1004161	1004167	1004209	1004221
1004233	1004273	1004279	1004287	1004293	1004303	1004317	1004323	1004363	1004371
1004401	1004429	1004441	1004449	1004453	1004461	1004477	1004483	1004501	1004527
1004537	1004551	1004561	1004567	1004599	1004651	1004657	1004659	1004669	1004671
1004677	1004687	1004723	1004737	1004743	1004747	1004749	1004761	1004779	1004797
1004873	1004903	1004911	1004917	1004963	1004977	1004981	1004987	1005007	1005013
1005019	1005029	1005041	1005049	1005071	1005073	1005079	1005101	1005107	1005131
1005133	1005143	1005161	1005187	1005203	1005209	1005217	1005223	1005229	1005239
1005241	1005269	1005287	1005293	1005313	1005317	1005331	1005349	1005359	1005371
1005373	1005391	1005409	1005413	1005427	1005437	1005439	1005457	1005467	1005481
1005493	1005503	1005527	1005541	1005551	1005553	1005581	1005593	1005617	1005619
1005637	1005643	1005647	1005661	1005677	1005679	1005701	1005709	1005751	1005761
1005821	1005827	1005833	1005883	1005911	1005913	1005931	1005937	1005959	1005971
1005989	1006003	1006007	1006021	1006037	1006063	1006087	1006091	1006123	1006133
1006147	1006151	1006153	1006163	1006169	1006171	1006177	1006189	1006193	1006217
1006219	1006231	1006237	1006241	1006249	1006253	1006267	1006279	1006301	1006303
1006307	1006309	1006331	1006333	1006337	1006339	1006351	1006361	1006367	1006391
1006393	1006433	1006441	1006463	1006469	1006471	1006493	1006507	1006513	1006531
1006543	1006547	1006559	1006583	1006589	1006609	1006613	1006633	1006637	1006651
1006711	1006721	1006739	1006751	1006769	1006781	1006783	1006799	1006847	1006853
1006861	1006877	1006879	1006883	1006891	1006897	1006933	1006937	1006949	1006969
1006979	1006987	1006991	1007021	1007023	1007047	1007059	1007081	1007089	1007099
1007117	1007119	1007129	1007137	1007161	1007173	1007179	1007203	1007231	1007243
1007249	1007297	1007299	1007309	1007317	1007339	1007353	1007359	1007381	1007387
1007401	1007417	1007429	1007441	1007459	1007467	1007483	1007497	1007519	1007527
1007549	1007557	1007597	1007599	1007609	1007647	1007651	1007681	1007683	1007693
1007701	1007711	1007719	1007723	1007729	1007731	1007749	1007753	1007759	1007767
1007771	1007789	1007801	1007807	1007813	1007819	1007827	1007857	1007861	1007873
1007887	1007891	1007921	1007933	1007939	1007957	1007959	1007971	1007977	1008001
1008013	1008017	1008031	1008037	1008041	1008043	1008101	1008131	1008157
1008181	1008187	1008193	1008199	1008209	1008223	1008229	1008233	1008239	1008247
1008257	1008263	1008317	1008323	1008331	1008347	1008353	1008373	1008379	1008401
1008407	1008409	1008419	1008421	1008433	1008437	1008451	1008467	1008493	1008499
1008503	1008517	1008541	1008547	1008563	1008571	1008587	1008589	1008607	1008611
1008613	1008617	1008659	1008701	1008719	1008743	1008773	1008779	1008781	1008793
1008809	1008817	1008829	1008851	1008853	1008857	1008859	1008863	1008871	1008901
1008911	1008913	1008923	1008937	1008947	1008979	1008983	1008989	1008991	1009007
1009037	1009049	1009061	1009097	1009121	1009139	1009153	1009157	1009159	1009163
1009189	1009193	1009199	1009201	1009207	1009237	1009243	1009247	1009259	1009289
1009291	1009301	1009303	1009319	1009321	1009343	1009357	1009361	1009369	1009373
1009387	1009399	1009417	1009433	1009439	1009457	1009483	1009487	1009499	1009501
1009507	1009531	1009537	1009559	1009573	1009601	1009609	1009621	1009627	1009637
1009643	1009649	1009651	1009669	1009727	1009741	1009747	1009781	1009787	1009807
1009819	1009837	1009843	1009859	1009873	1009901	1009909	1009927	1009937	1009951
1009963	1009991	1009993	1009997	1010003	1010033	1010069	1010081	1010083	1010129
1010131	1010143	1010167	1010179	1010201	1010203	1010237	1010263	1010291	1010297
1010329	1010353	1010357	1010381	1010407	1010411	1010419	1010423	1010431	1010461
1010467	1010473	1010491	1010501	1010509	1010519	1010549	1010567	1010579	1010617
1010623	1010627	1010671	1010683	1010687	1010717	1010719	1010747	1010749	1010753
1010759	1010767	1010771	1010783	1010791	1010797	1010809	1010833	1010843	1010861
1010881	1010897	1010899	1010903	1010917	1010929	1010957	1010981	1010983	1010993
1011001	1011013	1011029	1011037	1011067	1011071	1011077	1011079	1011091	1011107
1011137	1011139	1011163	1011167	1011191	1011217	1011221	1011229	1011233	1011239
1011271	1011277	1011281	1011289	1011331	1011343	1011349	1011359	1011371	1011377
1011391	1011397	1011407	1011431	1011443	1011509	1011539	1011553	1011559	1011583
1011587	1011589	1011599	1011601	1011631	1011641	1011649	1011667	1011671	1011677
1011697	1011719	1011733	1011737	1011749	1011763	1011779	1011797	1011799	1011817
1011827	1011889	1011893	1011917	1011937	1011943	1011947	1011961	1011973	1011979
1012007	1012009	1012031	1012043	1012049	1012079	1012087	1012093	1012097	1012103
1012133	1012147	1012159	1012171	1012183	1012189	1012201	1012213	1012217	1012229
1012241	1012259	1012261	1012267	1012279	1012289	1012307	1012321	1012369	1012373
1012379	1012397	1012399	1012411	1012421	1012423	1012433	1012439	1012447	1012457
1012463	1012481	1012489	1012507	1012513	1012519	1012523	1012547	1012549	1012559
1012573	1012591	1012597	1012601	1012619	1012631	1012633	1012637	1012657	1012663
1012679	1012691	1012699	1012703	1012717	1012721	1012733	1012751	1012763	1012769
1012771	1012789	1012811	1012829	1012831	1012861	1012903	1012919	1012931	1012967
1012981	1012993	1012997	1013003	1013009	1013029	1013041	1013053	1013063	1013143
1013153	1013197	1013203	1013227	1013237	1013239	1013249	1013263	1013267	1013279
1013291	1013321	1013329	1013377	1013399	1013401	1013429	1013431	1013471	1013477
1013501	1013503	1013527	1013531	1013533	1013563	1013569	1013581	1013603	1013609
1013627	1013629	1013641	1013671	1013681	1013687	1013699	1013711	1013713	1013717
1013729	1013741	1013767	1013773	1013791	1013813	1013819	1013827	1013833	1013839
1013843	1013851	1013879	1013891	1013893	1013899	1013921	1013923	1013933	1013993
1014007	1014029	1014037	1014061	1014089	1014113	1014121	1014127	1014131	1014137
1014149	1014157	1014161	1014173	1014193	1014197	1014199	1014229	1014257	1014259
1014263	1014287	1014301	1014317	1014319	1014331	1014337	1014341	1014359	1014361
1014371	1014389	1014397	1014451	1014457	1014469	1014487	1014493	1014521	1014539
1014547	1014557	1014571	1014593	1014617	1014631	1014641	1014649	1014677	1014697
1014719	1014721	1014731	1014743	1014749	1014763	1014779	1014787	1014817	1014821
1014833	1014863	1014869	1014877	1014887	1014889	1014907	1014941	1014953	1014973
1014989	1015009	1015039	1015043	1015051	1015057	1015061	1015067	1015073	1015081
1015093	1015097	1015123	1015127	1015139	1015159	1015163	1015171	1015199	1015207
1015277	1015309	1015349	1015361	1015363	1015367	1015369	1015403	1015409	1015423
1015433	1015451	1015453	1015459	1015463	1015471	1015481	1015499	1015501	1015507
1015517	1015523	1015541	1015549	1015559	1015561	1015571	1015601	1015603	1015627
1015661	1015691	1015697	1015709	1015723	1015727	1015739	1015747	1015753	1015769
1015813	1015823	1015829	1015843	1015853	1015871	1015877	1015891	1015897	1015907
1015913	1015919	1015967	1015981	1015991	1016009	1016011	1016023	1016027	1016033
1016051	1016053	1016069	1016083	1016089	1016111	1016123	1016137	1016143	1016153
1024477	1024481	1024511	1024523	1024547	1024559	1024577	1024579	1024589
1024591	1024609	1024633	1024663	1024669	1024693	1024697	1024703	1024711	1024721
1024729	1024757	1024783	1024799	1024823	1024843	1024853	1024871	1024883	1024901
1024909	1024921	1024931	1024939	1024943	1024951	1024957	1024963	1024987	1024997
1025009	1025021	1025029	1025039	1025047	1025081	1025093	1025099	1025111	1025113
1025119	1025137	1025147	1025149	1025153	1025161	1025197	1025203	1025209	1025231
1025239	1025257	1025261	1025267	1025273	1025279	1025281	1025303	1025327	1025333
1025347	1025351	1025383	1025393	1025407	1025413	1025417	1025419	1025443	1025459
1025477	1025483	1025503	1025509	1025513	1025537	1025543	1025551	1025561	1025579
1025611	1025621	1025623	1025641	1025653	1025659	1025669	1025693	1025707	1025741
1025747	1025749	1025767	1025789	1025803	1025807	1025819	1025839	1025873	1025887
1025891	1025897	1025909	1025911	1025917	1025929	1025939	1025957	1026029	1026031
1026037	1026041	1026043	1026061	1026073	1026101	1026119	1026127	1026139	1026143
1026167	1026197	1026199	1026217	1026227	1026229	1026251	1026253	1026257	1026293
1026299	1026313	1026331	1026359	1026371	1026383	1026391	1026401	1026407	1026413
1026427	1026439	1026449	1026457	1026479	1026481	1026521	1026547	1026563	1026577
1026581	1026583	1026587	1026593	1026661	1026667	1026673	1026677	1026679	1026709
1026733	1026757	1026761	1026791	1026799	1026811	1026829	1026833	1026847	1026853
1026859	1026887	1026899	1026911	1026913	1026917	1026941	1026943	1026947	1026979
1026989	1027001	1027003	1027027	1027031	1027051	1027067	1027097	1027127	1027129
1027139	1027153	1027163	1027181	1027189	1027199	1027207	1027211	1027223	1027241
1027261	1027277	1027289	1027319	1027321	1027331	1027357	1027391	1027409	1027417
1027421	1027427	1027459	1027471	1027483	1027487	1027489	1027493	1027519	1027547
1027549	1027567	1027591	1027597	1027613	1027643	1027679	1027687	1027693	1027703
1027717	1027727	1027739	1027751	1027753	1027757	1027759	1027777	1027783	1027787
1027799	1027841	1027853	1027883	1027891	1027931	1027969	1027987	1028003	1028011
1028017	1028023	1028029	1028047	1028051	1028063	1028081	1028089	1028099	1028101
1028107	1028113	1028117	1028129	1028141	1028149	1028189	1028191	1028201	1028207
1028213	1028221	1028231	1028243	1028263	1028273	1028303	1028309	1028317	1028327
1028329	1028333	1028389	1028393	1028411	1028437	1028471	1028473	1028479	1028509
1028557	1028561	1028569	1028579	1028581	1028597	1028617	1028647	1028663	1028669
1028681	1028683	1028737	1028747	1028749	1028761	1028773	1028777	1028803	1028809
1028837	1028843	1028873	1028893	1028903	1028939	1028941	1028953	1028957	1028969
1028981	1028999	1029001	1029013	1029023	1029037	1029103	1029109	1029113	1029139
1029151	1029157	1029167	1029179	1029191	1029199	1029209	1029247	1029251	1029263
1029277	1029289	1029307	1029323	1029331	1029337	1029341	1029349	1029359	1029361
1029383	1029403	1029407	1029409	1029433	1029467	1029473	1029481	1029487	1029499
1029517	1029521	1029527	1029533	1029547	1029563	1029569	1029577	1029583	1029593
1029601	1029617	1029643	1029647	1029653	1029689	1029697	1029731	1029751	1029757
1029767	1029803	1029823	1029827	1029839	1029841	1029859	1029881	1029883	1029907
1029929	1029937	1029943	1029953	1029967	1029983	1029989	1030019	1030021	1030027
1030031	1030033	1030039	1030049	1030061	1030067	1030069	1030091	1030111	1030121
1030153	1030157	1030181	1030201	1030213	1030219	1030241	1030247	1030291	1030297
1030307	1030349	1030357	1030361	1030369	1030411	1030417	1030429	1030439	1030441
1030451	1030493	1030511	1030529	1030537	1030543	1030571	1030583	1030619	1030637
1030639	1030643	1030681	1030703	1030723	1030739	1030741	1030751	1030759	1030763
1030787	1030793	1030801	1030811	1030817	1030823	1030831	1030847	1030867	1030873
1030889	1030919	1030933	1030949	1030951	1030957	1030987	1030993	1031003	1031047
1031053	1031057	1031081	1031117	1031119	1031137	1031141	1031161	1031189	1031231
1031267	1031279	1031281	1031291	1031299	1031309	1031323	1031347	1031357	1031399
1031411	1031413	1031423	1031431	1031447	1031461	1031477	1031479	1031483	1031489
1031507	1031521	1031531	1031533	1031549	1031561	1031593	1031609	1031623	1031629
1031633	1031669	1031677	1031707	1031717	1031729	1031731	1031741	1031753	1031759
1031761	1031809	1031813	1031831	1031837	1031869	1031911	1031923	1031981	1031999
1032007	1032047	1032049	1032067	1032071	1032107	1032131	1032151	1032191	1032193
1032211	1032221	1032233	1032259	1032287	1032299	1032307	1032319	1032329	1032341
1032347	1032349	1032373	1032377	1032391	1032397	1032407	1032419	1032433	1032457
1032463	1032467	1032491	1032497	1032509	1032511	1032527	1032541	1032571	1032583
1032601	1032607	1032613	1032617	1032643	1032649	1032679	1032683	1032697	1032701
1032709	1032721	1032727	1032739	1032751	1032763	1032793	1032799	1032803	1032833
250007	250013	250027	250031	250037	250043	250049	250051	250057	250073
250091	250109	250123	250147	250153	250169	250199	250253	250259	250267
250279	250301	250307	250343	250361	250403	250409	250423	250433	250441
250451	250489	250499	250501	250543	250583	250619	250643	250673	250681
250687	250693	250703	250709	250721	250727	250739	250741	250751	250753
250777	250787	250793	250799	250807	250813	250829	250837	250841	250853
250867	250871	250889	250919	250949	250951	250963	250967	250969	250979
250993	251003	251033	251051	251057	251059	251063	251071	251081	251087
251099	251117	251143	251149	251159	251171	251177	251179	251191	251197
251201	251203	251219	251221	251231	251233	251257	251261	251263	251287
251291	251297	251323	251347	251353	251359	251387	251393	251417	251429
251431	251437	251443	251467	251473	251477	251483	251491	251501	251513
251519	251527	251533	251539	251543	251561	251567	251609	251611	251621
251623	251639	251653	251663	251677	251701	251707	251737	251761	251789
251791	251809	251831	251833	251843	251857	251861	251879	251887	251893
251897	251903	251917	251939	251941	251947	251969	251971	251983	252001
252013	252017	252029	252037	252079	252101	252139	252143	252151	252157
252163	252169	252173	252181	252193	252209	252223	252233	252253	252277
252283	252289	252293	252313	252319	252323	252341	252359	252383	252391
252401	252409	252419	252431	252443	252449	252457	252463	252481	252509
252533	252541	252559	252583	252589	252607	252611	252617	252641	252667
252691	252709	252713	252727	252731	252737	252761	252767	252779	252817
252823	252827	252829	252869	252877	252881	252887	252893	252899	252911
252913	252919	252937	252949	252971	252979	252983	253003	253013	253049
253063	253081	253103	253109	253133	253153	253157	253159	253229	253243
253247	253273	253307	253321	253343	253349	253361	253367	253369	253381
253387	253417	253423	253427	253433	253439	253447	253469	253481	253493
253501	253507	253531	253537	253543	253553	253567	253573	253601	253607
253609	253613	253633	253637	253639	253651	253661	253679	253681	253703
253717	253733	253741	253751	253763	253769	253777	253787	253789	253801
253811	253819	253823	253853	253867	253871	253879	253901	253907	253909
253919	253937	253949	253951	253969	253987	253993	253999	254003	254021
254027	254039	254041	254047	254053	254071	254083	254119	254141	254147
254161	254179	254197	254207	254209	254213	254249	254257	254279	254281
254291	254299	254329	254369	254377	254383	254389	254407	254413	254437
254447	254461	254489	254491	254519	254537	254557	254593	254623	254627
254647	254659	254663	254699	254713	254729	254731	254741	254747	254753
254773	254777	254783	254791	254803	254827	254831	254833	254857	254869
254873	254879	254887	254899	254911	254927	254929	254941	254959	254963
254971	254977	254987	254993	255007	255019	255023	255043	255049	255053
255071	255077	255083	255097	255107	255121	255127	255133	255137	255149
255173	255179	255181	255191	255193	255197	255209	255217	255239	255247
255251	255253	255259	255313	255329	255349	255361	255371	255383	255413
255419	255443	255457	255467	255469	255473	255487	255499	255503	255511
255517	255523	255551	255571	255587	255589	255613	255617	255637	255641
255649	255653	255659	255667	255679	255709	255713	255733	255743	255757
255763	255767	255803	255839	255841	255847	255851	255859	255869	255877
255887	255907	255917	255919	255923	255947	255961	255971	255973	255977
255989	256019	256021	256031	256033	256049	256057	256079	256093	256117
256121	256129	256133	256147	256163	256169	256181	256187	256189	256199
256211	256219	256279	256301	256307	256313	256337	256349	256363	256369
256391	256393	256423	256441	256469	256471	256483	256489	256493	256499
256517	256541	256561	256567	256577	256579	256589	256603	256609	256639
256643	256651	256661	256687	256699	256721	256723	256757	256771	256799
256801	256813	256831	256873	256877	256889	256901	256903	256931	256939
256957	256967	256981	257003	257017	257053	257069	257077	257093	257099
257107	257123	257141	257161	257171	257177	257189	257219	257221	257239
257249	257263	257273	257281	257287	257293	257297	257311	257321	257339
257351	257353	257371	257381	257399	257401	257407	257437	257443	257447
257459	257473	257489	257497	257501	257503	257519	257539	257561	257591
257611	257627	257639	257657	257671	257687	257689	257707	257711
257713	257717	257731	257783	257791	257797	257837	257857	257861	257863
257867	257869	257879	257893	257903	257921	257947	257953	257981	257987
257989	257993	258019	258023	258031	258061	258067	258101	258107	258109
258113	258119	258127	258131	258143	258157	258161	258173	258197	258211
258233	258241	258253	258277	258283	258299	258317	258319	258329	258331
258337	258353	258373	258389	258403	258407	258413	258421	258437	258443
258449	258469	258487	258491	258499	258521	258527	258539	258551	258563
258569	258581	258607	258611	258613	258617	258623	258631	258637	258659
258673	258677	258691	258697	258703	258707	258721	258733	258737	258743
258763	258779	258787	258803	258809	258827	258847	258871	258887	258917
258919	258949	258959	258967	258971	258977	258983	258991	259001	259009
259019	259033	259099	259121	259123	259151	259157	259159	259163	259169
259177	259183	259201	259211	259213	259219	259229	259271	259277	259309
259321	259339	259379	259381	259387	259397	259411	259421	259429	259451
259453	259459	259499	259507	259517	259531	259537	259547	259577	259583
259603	259619	259621	259627	259631	259639	259643	259657	259667	259681
259691	259697	259717	259723	259733	259751	259771	259781	259783	259801
259813	259823	259829	259837	259841	259867	259907	259933	259937	259943
259949	259967	259991	259993	260003	260009	260011	260017	260023	260047
260081	260089	260111	260137	260171	260179	260189	260191	260201	260207
260209	260213	260231	260263	260269	260317	260329	260339	260363	260387
260399	260411	260413	260417	260419	260441	260453	260461	260467	260483
260489	260527	260539	260543	260549	260551	260569	260573	260581	260587
260609	260629	260647	260651	260671	260677	260713	260717	260723	260747
260753	260761	260773	260791	260807	260809	260849	260857	260861	260863
260873	260879	260893	260921	260941	260951	260959	260969	260983	260987
260999	261011	261013	261017	261031	261043	261059	261061	261071	261077
261089	261101	261127	261167	261169	261223	261229	261241	261251	261271
261281	261301	261323	261329	261337	261347	261353	261379	261389	261407
261427	261431	261433	261439	261451	261463	261467	261509	261523	261529
261557	261563	261577	261581	261587	261593	261601	261619	261631	261637
261641	261643	261673	261697	261707	261713	261721	261739	261757	261761
261773	261787	261791	261799	261823	261847	261881	261887	261917	261959
261971	261973	261977	261983	262007	262027	262049	262051	262069	262079
262103	262109	262111	262121	262127	262133	262139	262147	262151	262153
262187	262193	262217	262231	262237	262253	262261	262271	262303	262313
262321	262331	262337	262349	262351	262369	262387	262391	262399	262411
262433	262459	262469	262489	262501	262511	262513	262519	262541	262543
262553	262567	262583	262597	262621	262627	262643	262649	262651	262657
262681	262693	262697	262709	262723	262733	262739	262741	262747	262781
262783	262807	262819	262853	262877	262883	262897	262901	262909	262937
262949	262957	262981	263009	263023	263047	263063	263071	263077	263083
263089	263101	263111	263119	263129	263167	263171	263183	263191	263201
263209	263213	263227	263239	263257	263267	263269	263273	263287	263293
263303	263323	263369	263383	263387	263399	263401	263411	263423	263429
263437	263443	263489	263491	263503	263513	263519	263521	263533	263537
263561	263567	263573	263591	263597	263609	263611	263621	263647	263651
263657	263677	263723	263729	263737	263759	263761	263803	263819	263821
263827	263843	263849	263863	263867	263869	263881	263899	263909	263911
263927	263933	263941	263951	263953	263957	263983	264007	264013	264029
264031	264053	264059	264071	264083	264091	264101	264113	264127	264133
264137	264139	264167	264169	264179	264211	264221	264263	264269	264283
264289	264301	264323	264331	264343	264349	264353	264359	264371	264391
264403	264437	264443	264463	264487	264527	264529	264553	264559	264577
264581	264599	264601	264619	264631	264637	264643	264659	264697	264731
264739	264743	264749	264757	264763	264769	264779	264787	264791	264793
264811	264827	264829	264839	264871	264881	264889	264893	264899	264919
264931	264949	264959	264961	264977	264991	264997	265003	265007	265021
265037	265079	265091	265093	265117	265123	265129	265141	265151	265157
4500007	4500029	4500043	4500047	4500049	4500061	4500103	4500127	4500137	4500143
4500161	4500163	4500211	4500217	4500229	4500233	4500259	4500263	4500269	4500271
4500281	4500289	4500299	4500317	4500319	4500329	4500361	4500371	4500383	4500401
4500407	4500409	4500439	4500443	4500491	4500493	4500541	4500547	4500553	4500557
4500577	4500581	4500589	4500599	4500623	4500637	4500649	4500653	4500667	4500689
4500721	4500731	4500737	4500751	4500757	4500779	4500787	4500799	4500851	4500871
4500877	4500883	4500901	4500907	4500913	4500917	4500943	4500989	4501001	4501009
4501027	4501037	4501069	4501093	4501097	4501099	4501109	4501153	4501171	4501199
4501201	4501213	4501219	4501223	4501229	4501241	4501279	4501303	4501319	4501333
4501381	4501391	4501397	4501403	4501411	4501421	4501429	4501451	4501459	4501477
4501489	4501493	4501507	4501547	4501573	4501577	4501619	4501621	4501649	4501667
4501669	4501711	4501723	4501733	4501781	4501817	4501829	4501831	4501843	4501853
4501891	4501919	4501921	4501927	4501933	4501949	4501963	4501969	4501999	4502009
4502011	4502021	4502051	4502053	4502063	4502101	4502117	4502137	4502149	4502159
4502167	4502171	4502189	4502203	4502207	4502213	4502237	4502257	4502261	4502269
4502287	4502293	4502317	4502321	4502327	4502341	4502359	4502363	4502371	4502389
4502413	4502423	4502431	4502437	4502441	4502461	4502489	4502513	4502539	4502543
4502551	4502581	4502591	4502609	4502611	4502621	4502623	4502651	4502653	4502699
4502717	4502747	4502759	4502783	4502809	4502857	4502873	4502879	4502887	4502893
4502903	4502941	4502957	4502983	4503001	4503007	4503013	4503041	4503047	4503049
4503061	4503067	4503077	4503119	4503127	4503139	4503143	4503157	4503173	4503179
4503197	4503199	4503217	4503241	4503253	4503259	4503313	4503337	4503341	4503353
4503371	4503391	4503397	4503403	4503407	4503409	4503413	4503427	4503431	4503467
4503479	4503491	4503503	4503517	4503533	4503557	4503559	4503571	4503593	4503599
4503637	4503641	4503643	4503659	4503661	4503679	4503683	4503689	4503731	4503761
4503769	4503797	4503799	4503803	4503833	4503839	4503901	4503913	4503923	4503937
4503953	4503977	4503991	4504009	4504013	4504039	4504043	4504061	4504063	4504069
4504079	4504091	4504103	4504109	4504111	4504127	4504147	4504153	4504163	4504187
4504189	4504211	4504223	4504243	4504249	4504259	4504261	4504267	4504321	4504333
4504351	4504363	4504369	4504391	4504397	4504399	4504403	4504411	4504429	4504441
4504447	4504457	4504537	4504559	4504561	4504571	4504597	4504601	4504603	4504607
4504627	4504651	4504663	4504673	4504681	4504699	4504727	4504733	4504741	4504751
4504769	4504781	4504853	4504873	4504883	4504891	4504897	4504901	4504921	4504931
4504933	4504939	4504961	4504963	4504967	4504979	4504993	4505003	4505029	4505041
4505057	4505099	4505107	4505113	4505131	4505141	4505167	4505177	4505183	4505191
4505201	4505209	4505213	4505227	4505233	4505257	4505287	4505311	4505317	4505329
4505351	4505377	4505381	4505393	4505419	4505437	4505491	4505503	4505533	4505537
4505551	4505569	4505581	4505591	4505593	4505597	4505617	4505621	4505623	4505647
4505651	4505671	4505681	4505687	4505693	4505707	4505713	4505719	4505729	4505737
4505741	4505773	4505783	4505789	4505791	4505797	4505801	4505807	4505849	4505863
4505899	4505929	4505947	4505993	4506001	4506017	4506043	4506053	4506109	4506121
4506127	4506133	4506149	4506167	4506181	4506197	4506199	4506221	4506233	4506247
4506251	4506259	4506283	4506289	4506301	4506311	4506331	4506349	4506373	4506389
4506419	4506427	4506451	4506457	4506473	4506493	4506499	4506503	4506511	4506517
4506521	4506539	4506569	4506577	4506587	4506589	4506611	4506617	4506647	4506653
4506659	4506703	4506707	4506709	4506731	4506739	4506757	4506763	4506767	4506791
4506841	4506869	4506893	4506907	4506913	4506917	4506937	4506973	4506991	4507003
4507021	4507033	4507043	4507051	4507073	4507079	4507099	4507133	4507147	4507189
4507201	4507211	4507247	4507249	4507277	4507289	4507297	4507309	4507319	4507331
4507337	4507339	4507361	4507381	4507387	4507421	4507429	4507453	4507463	4507469
4507483	4507487	4507507	4507519	4507537	4507603	4507619	4507637	4507639	4507651
4507667	4507691	4507729	4507751	4507753	4507759	4507787	4507799	4507837	4507849
4507859	4507879	4507891	4507897	4507949	4507957	4507967	4507981	4507999	4508011
4508027	4508029	4508039	4508041	4508047	4508071	4508081	4508087	4508089	4508093
4508107	4508123	4508129	4508197	4508201	4508209	4508227	4508239	4508243	4508267
4508291	4508297	4508303	4508321	4508333	4508341	4508431	4508461	4508501	4508509
4508513	4508521	4508549	4508597	4508599	4508611	4508617	4508633	4508641	4508653
4508687	4508701	4508711	4508737	4508771	4508773	4508789	4508797	4508821	4508843
4508879	4508887	4508923	4508939	4508953	4508971	4508983	4509013	4509017	4509019
4509047	4509049	4509053	4509073	4509077	4509101	4509107	4509119	4509143	4509149
1000000007	1000000009	1000000021	1000000033	1000000087	1000000093	1000000097	1000000103	1000000123	1000000181
1000000207	1000000223	1000000241	1000000271	1000000289	1000000297	1000000321	1000000349	1000000363	1000000403
1000000409	1000000411	1000000427	1000000433	1000000439	1000000447	1000000453	1000000459	1000000483	1000000513
1000000531	1000000579	1000000607	1000000613	1000000637	1000000663	1000000711	1000000753	1000000787	1000000801
1000000829	1000000861	1000000871	1000000891	1000000901	1000000919	1000000931	1000000933	1000000993	1000001011
1000001021	1000001053	1000001087	1000001099	1000001137	1000001161	1000001203	1000001213	1000001237	1000001263
1000001269	1000001273	1000001279	1000001311	1000001329	1000001333	1000001351	1000001371	1000001393	1000001413
1000001447	1000001449	1000001491	1000001501	1000001531	1000001537	1000001539	1000001581	1000001617	1000001621
1000001633	1000001647	1000001663	1000001677	1000001699	1000001759	1000001773	1000001789	1000001791	1000001801
1000001803	1000001819	1000001857	1000001887	1000001917	1000001927	1000001957	1000001963	1000001969	1000002043
1000002089	1000002103	1000002139	1000002149	1000002161	1000002173	1000002187	1000002193	1000002233	1000002239
1000002277	1000002307	1000002359	1000002361	1000002431	1000002449	1000002457	1000002499	1000002571	1000002581
1000002607	1000002631	1000002637	1000002649	1000002667	1000002727	1000002791	1000002803	1000002821	1000002823
1000002827	1000002907	1000002937	1000002989	1000003009	1000003013	1000003051	1000003057	1000003097	1000003111
1000003133	1000003153	1000003157	1000003163	1000003211	1000003241	1000003247	1000003253	1000003267	1000003271
1000003273	1000003283	1000003309	1000003337	1000003351	1000003357	1000003373	1000003379	1000003397	1000003469
1000003471	1000003513	1000003519	1000003559	1000003577	1000003579	1000003601	1000003621	1000003643	1000003651
1000003663	1000003679	1000003709	1000003747	1000003751	1000003769	1000003777	1000003787	1000003793	1000003843
1000003853	1000003871	1000003889	1000003891	1000003909	1000003919	1000003931	1000003951	1000003957	1000003967
1000003987	1000003999	1000004023	1000004059	1000004099	1000004119	1000004123	1000004207	1000004233	1000004249
1000004251	1000004263	1000004321	1000004329	1000004381	1000004389	1000004437	1000004449	1000004459	1000004497
1000004507	1000004519	1000004539	1000004567	1000004569	1000004581	1000004609	1000004611	1000004627	1000004633
1000004647	1000004693	1000004699	1000004717	1000004771	1000004777	1000004783	1000004791	1000004807	1000004839
1000004843	1000004849	1000004857	1000004867	1000004869	1000004891	1000004893	1000004897	1000004927	1000004933
1000004977	1000004981	1000005001	1000005029	1000005053	1000005067	1000005103	1000005133	1000005187	1000005197
1000005203	1000005233	1000005277	1000005287	1000005299	1000005317	1000005329	1000005341	1000005353	1000005361
1000005403	1000005407	1000005437	1000005443	1000005449	1000005451	1000005469	1000005491	1000005527	1000005541
1000005547	1000005583	1000005631	1000005647	1000005683	1000005731	1000005737	1000005751	1000005763	1000005791
1000005823	1000005827	1000005833	1000005847	1000005863	1000005899	1000005907	1000005947	1000005953	1000005959
1000005971	1000005973	1000005991	1000005997	1000006019	1000006027	1000006037	1000006039	1000006061	1000006093
1000006099	1000006127	1000006129	1000006177	1000006193	1000006211	1000006223	1000006229	1000006307	1000006313
1000006331	1000006349	1000006379	1000006393	1000006417	1000006421	1000006457	1000006459	1000006477	1000006541
1000006571	1000006577	1000006583	1000006607	1000006621	1000006661	1000006663	1000006697	1000006717	1000006751
1000006781	1000006837	1000006867	1000006901	1000006957	1000006961	1000006967	1000006981	1000007003	1000007023
1000007027	1000007089	1000007117	1000007137	1000007147	1000007159	1000007191	1000007209	1000007237	1000007243
1000007257	1000007279	1000007321	1000007347	1000007383	1000007389	1000007417	1000007429	1000007447	1000007453
1000007467	1000007479	1000007497	1000007513	1000007521	1000007531	1000007537	1000007557	1000007633	1000007647
1000007651	1000007653	1000007681	1000007707	1000007719	1000007741	1000007759	1000007773	1000007803	1000007819
1000007837	1000007873	1000007887	1000007909	1000007923	1000007927	1000007929	1000007941	1000008041	1000008083
1000008089	1000008101	1000008109	1000008127	1000008173	1000008181	1000008223	1000008257	1000008259	1000008271
1000008277	1000008311	1000008313	1000008343	1000008349	1000008397	1000008403	1000008419	1000008431	1000008439
1000008487	1000008511	1000008557	1000008593	1000008617	1000008637	1000008649	1000008661	1000008671	1000008679
1000008719	1000008727	1000008761	1000008773	1000008791	1000008797	1000008803	1000008811	1000008829	1000008853
1000008899	1000008917	1000008937	1000008967	1000009009	1000009013	1000009063	1000009081	1000009093	1000009099
1000009123	1000009133	1000009163	1000009183	1000009211	1000009223	1000009259	1000009277	1000009279	1000009289
1000009301	1000009321	1000009331	1000009363	1000009399	1000009403	1000009421	1000009441	1000009457	1000009469
1000009487	1000009519	1000009529	1000009531	1000009541	1000009559	1000009561	1000009567	1000009573	1000009579
1000009597	1000009601	1000009609	1000009631	1000009651	1000009667	1000009679	1000009711	1000009733	1000009739
1000009757	1000009789	1000009831	1000009859	1000009867	1000009961	1000009999	1000010029	1000010051	1000010069
1000010101	1000010153	1000010173	1000010189	1000010197	1000010233	1000010243	1000010251	1000010267	1000010281
1000010303	1000010321	1000010327	1000010351	1000010357	1000010381	1000010449	1000010467	1000010483	1000010503
1000010513	1000010549	1000010593	1000010597	1000010611	1000010633	1000010659	1000010699	1000010707	1000010723
1000010747	1000010749	1000010761	1000010773	1000010777	1000010801	1000010833	1000010903	1000010953	1000010969
1000010971	1000010981	1000010987	1000011007	1000011011	1000011071	1000011083	1000011091	1000011107	1000011109
1000011137	1000011149	1000011161	1000011223	1000011239	1000011253	1000011269	1000011277	1000011283	1000011289
1000011301	1000011317	1000011329	1000011371	1000011377	1000011391	1000011421	1000011479	1000011487	1000011497
1000011517	1000011533	1000011539	1000011559	1000011583	1000011601	1000011619	1000011631	1000011659	1000011673
1000011679	1000011707	1000011763	1000011767	1000011769	1000011773	1000011799	1000011811	1000011821	1000011823
1000011847	1000011869	1000011967	1000011983	1000011989	1000012019	1000012037	1000012121	1000012157	1000012177
1000012187	1000012217	1000012219	1000012231	1000012241	1000012253	1000012297	1000012309	1000012333	1000012337
1420000003	1420000069	1420000079	1420000111	1420000117	1420000139	1420000199	1420000217	1420000277	1420000303
1420000313	1420000339	1420000343	1420000357	1420000367	1420000403	1420000409	1420000451	1420000487	1420000501
1420000523	1420000537	1420000553	1420000591	1420000619	1420000643	1420000649	1420000651	1420000669	1420000693
1420000709	1420000717	1420000721	1420000723	1420000759	1420000783	1420000789	1420000817	1420000823	1420000859
1420000861	1420000867	1420000873	1420000877	1420000913	1420000919	1420000949	1420000987	1420000991	1420000999
1420001003	1420001047	1420001087	1420001123	1420001129	1420001147	1420001213	1420001227	1420001237	1420001239
1420001251	1420001293	1420001357	1420001369	1420001377	1420001383	1420001389	1420001399	1420001419	1420001467
1420001489	1420001509	1420001519	1420001543	1420001549	1420001579	1420001591	1420001603	1420001657	1420001663
1420001677	1420001683	1420001699	1420001701	1420001711	1420001719	1420001743	1420001813	1420001827	1420001837
1420001861	1420001867	1420001881	1420001887	1420001893	1420001923	1420001941	1420001963	1420001977	1420002013
1420002019	1420002041	1420002079	1420002091	1420002121	1420002137	1420002149	1420002191	1420002203	1420002217
1420002223	1420002251	1420002253	1420002257	1420002271	1420002293	1420002301	1420002307	1420002319	1420002349
1420002361	1420002379	1420002413	1420002431	1420002439	1420002473	1420002481	1420002491	1420002499	1420002517
1420002527	1420002547	1420002583	1420002629	1420002653	1420002667	1420002799	1420002817	1420002821	1420002827
1420002839	1420002851	1420002917	1420002919	1420002923	1420002931	1420002953	1420002967	1420002971	1420003001
1420003007	1420003021	1420003027	1420003037	1420003043	1420003069	1420003073	1420003153	1420003163	1420003181
1420003199	1420003231	1420003237	1420003243	1420003253	1420003283	1420003301	1420003349	1420003369	1420003379
1420003393	1420003397	1420003439	1420003447	1420003457	1420003477	1420003511	1420003597	1420003603	1420003657
1420003679	1420003687	1420003691	1420003733	1420003747	1420003751	1420003759	1420003769	1420003813	1420003841
1420003843	1420003861	1420003867	1420003873	1420003883	1420003901	1420003939	1420003973	1420003979	1420003987
1420004021	1420004023	1420004051	1420004057	1420004059	1420004071	1420004077	1420004081	1420004141	1420004219
1420004221	1420004251	1420004263	1420004269	1420004281	1420004297	1420004347	1420004359	1420004363	1420004371
1420004449	1420004479	1420004489	1420004491	1420004503	1420004513	1420004533	1420004617	1420004623	1420004627
1420004647	1420004681	1420004683	1420004689	1420004699	1420004711	1420004723	1420004731	1420004741	1420004771
1420004791	1420004809	1420004819	1420004837	1420004857	1420004893	1420004903	1420004921	1420004969	1420004977
1420005007	1420005011	1420005061	1420005077	1420005079	1420005089	1420005091	1420005107	1420005133	1420005143
1420005149	1420005151	1420005173	1420005187	1420005199	1420005221	1420005241	1420005253	1420005259	1420005269
1420005283	1420005287	1420005341	1420005343	1420005373	1420005401	1420005403	1420005463	1420005479	1420005541
1420005551	1420005577	1420005589	1420005593	1420005599	1420005637	1420005673	1420005683	1420005707	1420005773
1420005781	1420005841	1420005859	1420005883	1420005887	1420005889	1420005911	1420005941	1420005949	1420006019
1420006033	1420006043	1420006067	1420006079	1420006103	1420006109	1420006127	1420006153	1420006171	1420006201
1420006213	1420006229	1420006261	1420006267	1420006271	1420006279	1420006321	1420006339	1420006349	1420006381
1420006397	1420006403	1420006421	1420006451	1420006459	1420006519	1420006529	1420006537	1420006559	1420006573
1420006589	1420006597	1420006633	1420006657	1420006681	1420006697	1420006699	1420006711	1420006727	1420006769
1420006799	1420006843	1420006849	1420006853	1420006879	1420006891	1420006919	1420006927	1420006943	1420006961
1420006993	1420007021	1420007027	1420007033	1420007063	1420007087	1420007107	1420007117	1420007159	1420007191
1420007203	1420007207	1420007233	1420007249	1420007257	1420007261	1420007273	1420007291	1420007299	1420007311
1420007321	1420007357	1420007377	1420007437	1420007441	1420007453	1420007507	1420007521	1420007527	1420007531
1420007539	1420007551	1420007599	1420007609	1420007623	1420007639	1420007647	1420007657	1420007681	1420007711
1420007713	1420007723	1420007759	1420007803	1420007819	1420007839	1420007863	1420007891	1420007893	1420007933
1420007951	1420007993	1420007999	1420008013	1420008019	1420008043	1420008053	1420008061	1420008101	1420008131
1420008143	1420008197	1420008199	1420008211	1420008217	1420008269	1420008313	1420008319	1420008329	1420008341
1420008347	1420008361	1420008371	1420008397	1420008407	1420008427	1420008451	1420008467	1420008553	1420008563
1420008649	1420008671	1420008673	1420008683	1420008731	1420008761	1420008763	1420008773	1420008781	1420008797
1420008839	1420008851	1420008853	1420008857	1420008869	1420008901	1420008907	1420008943	1420008949	1420008959
1420009007	1420009009	1420009021	1420009027	1420009043	1420009049	1420009079	1420009103	1420009141	1420009181
1420009193	1420009207	1420009237	1420009243	1420009249	1420009291	1420009307	1420009313	1420009363	1420009373
1420009411	1420009429	1420009433	1420009471	1420009483	1420009499	1420009501	1420009537	1420009573	1420009589
1420009663	1420009691	1420009729	1420009751	1420009757	1420009763	1420009793	1420009819	1420009849	1420009861
1420009873	1420009883	1420009891	1420009909	1420009967	1420009991	1420009999	1420010021	1420010029	1420010047
1420010099	1420010117	1420010129	1420010159	1420010167	1420010173	1420010183	1420010213	1420010233	1420010237
1420010269	1420010281	1420010297	1420010299	1420010303	1420010327	1420010369	1420010411	1420010413	1420010443
1420010447	1420010479	1420010551	1420010567	1420010573	1420010591	1420010597	1420010621	1420010623	1420010659
1420010717	1420010737	1420010741	1420010773	1420010807	1420010843	1420010899	1420010929	1420010971	1420010981
1420010987	1420010989	1420011023	1420011031	1420011041	1420011067	1420011107	1420011121	1420011127	1420011157
1420011167	1420011169	1420011193	1420011209	1420011239	1420011247	1420011269	1420011337	1420011347	1420011349
1420011353	1420011401	1420011413	1420011473	1420011487	1420011499	1420011503	1420011533	1420011553	1420011557
1420011583	1420011613	1420011617	1420011623	1420011653	1420011679	1420011689	1420011731	1420011737	1420011811
1420011839	1420011851	1420011871	1420011877	1420011889	1420011899	1420011913	1420011953	1420011959	1420012021
1420012031	1420012039	1420012043	1420012067	1420012073	1420012103	1420012117	1420012147	1420012171	1420012183
1700000009	1700000021	1700000059	1700000063	1700000089	1700000101	1700000111	1700000117	1700000147	1700000149
1700000191	1700000209	1700000233	1700000279	1700000287	1700000299	1700000317	1700000321	1700000333	1700000339
1700000359	1700000389	1700000429	1700000501	1700000551	1700000569	1700000573	1700000579	1700000591	1700000611
1700000647	1700000681	1700000693	1700000707	1700000717	1700000741	1700000747	1700000759	1700000767	1700000789
1700000801	1700000821	1700000831	1700000893	1700000899	1700000903	1700000923	1700000933	1700000941	1700001007
1700001019	1700001031	1700001053	1700001077	1700001091	1700001101	1700001109	1700001119	1700001137	1700001197
1700001203	1700001217	1700001271	1700001283	1700001293	1700001313	1700001361	1700001379	1700001419	1700001437
1700001449	1700001463	1700001473	1700001487	1700001509	1700001557	1700001559	1700001617	1700001629	1700001631
1700001647	1700001671	1700001673	1700001679	1700001697	1700001701	1700001731	1700001749	1700001761	1700001773
1700001781	1700001791	1700001799	1700001827	1700001833	1700001841	1700001851	1700001857	1700001883	1700001913
1700001917	1700001929	1700001937	1700001971	1700002001	1700002019	1700002039	1700002043	1700002063	1700002081
1700002097	1700002103	1700002121	1700002163	1700002169	1700002177	1700002237	1700002253	1700002279	1700002303
1700002349	1700002373	1700002489	1700002517	1700002529	1700002541	1700002547	1700002553	1700002607	1700002679
1700002691	1700002699	1700002729	1700002739	1700002741	1700002747	1700002753	1700002781	1700002819	1700002853
1700002883	1700002901	1700002919	1700002921	1700002963	1700002981	1700002991	1700003033	1700003051	1700003059
1700003153	1700003161	1700003231	1700003257	1700003273	1700003293	1700003297	1700003299	1700003303	1700003309
1700003311	1700003317	1700003381	1700003399	1700003401	1700003407	1700003411	1700003429	1700003471	1700003477
1700003483	1700003491	1700003497	1700003509	1700003533	1700003537	1700003563	1700003603	1700003659	1700003671
1700003707	1700003741	1700003743	1700003749	1700003783	1700003801	1700003803	1700003831	1700003911	1700003917
1700003939	1700003957	1700003971	1700003989	1700003999	1700004067	1700004079	1700004107	1700004127	1700004139
1700004149	1700004167	1700004179	1700004227	1700004247	1700004259	1700004289	1700004307	1700004311	1700004323
1700004353	1700004377	1700004379	1700004407	1700004457	1700004469	1700004473	1700004487	1700004491	1700004511
1700004517	1700004533	1700004541	1700004557	1700004577	1700004599	1700004619	1700004721	1700004731	1700004763
1700004769	1700004781	1700004797	1700004829	1700004847	1700004863	1700004881	1700004919	1700004941	1700004959
1700004967	1700004983	1700004989	1700005007	1700005019	1700005037	1700005067	1700005081	1700005091	1700005121
1700005133	1700005163	1700005171	1700005199	1700005243	1700005273	1700005277	1700005309	1700005337	1700005339
1700005343	1700005361	1700005429	1700005451	1700005453	1700005501	1700005507	1700005511	1700005543	1700005553
1700005597	1700005603	1700005609	1700005613	1700005633	1700005669	1700005679	1700005709	1700005711	1700005721
1700005759	1700005771	1700005777	1700005843	1700005847	1700005861	1700005921	1700005961	1700005973	1700005991
1700005997	1700006017	1700006051	1700006081	1700006089	1700006093	1700006101	1700006167	1700006173	1700006197
1700006213	1700006219	1700006233	1700006311	1700006351	1700006359	1700006369	1700006389	1700006423	1700006431
1700006453	1700006467	1700006479	1700006491	1700006501	1700006507	1700006537	1700006543	1700006573	1700006597
1700006617	1700006669	1700006687	1700006701	1700006713	1700006723	1700006729	1700006813	1700006831	1700006839
1700006897	1700006927	1700006933	1700006939	1700006951	1700006977	1700006983	1700007037	1700007041	1700007059
1700007091	1700007097	1700007103	1700007131	1700007139	1700007247	1700007251	1700007263	1700007271	1700007329
1700007371	1700007373	1700007401	1700007469	1700007473	1700007499	1700007503	1700007607	1700007611	1700007613
1700007643	1700007703	1700007707	1700007737	1700007739	1700007773	1700007787	1700007797	1700007823	1700007851
1700007877	1700007889	1700007899	1700007923	1700007931	1700007943	1700007961	1700007971	1700007989	1700008049
1700008061	1700008069	1700008073	1700008081	1700008087	1700008117	1700008127	1700008171	1700008181	1700008183
1700008187	1700008229	1700008237	1700008243	1700008259	1700008301	1700008319	1700008357	1700008367	1700008463
1700008469	1700008501	1700008523	1700008529	1700008537	1700008553	1700008559	1700008567	1700008571	1700008589
1700008627	1700008649	1700008657	1700008691	1700008703	1700008727	1700008733	1700008747	1700008759	1700008763
1700008787	1700008801	1700008811	1700008853	1700008861	1700008883	1700008897	1700008927	1700008943	1700008957
1700008987	1700008991	1700009009	1700009011	1700009033	1700009039	1700009063	1700009081	1700009083	1700009111
1700009149	1700009153	1700009159	1700009191	1700009221	1700009263	1700009273	1700009309	1700009323	1700009329
1700009347	1700009357	1700009383	1700009413	1700009417	1700009447	1700009449	1700009459	1700009471	1700009489
1700009513	1700009533	1700009567	1700009621	1700009627	1700009683	1700009699	1700009797	1700009803	1700009863
1700009873	1700009887	1700009897	1700009921	1700009923	1700009939	1700009951	1700009989	1700009999	1700010043
1700010079	1700010127	1700010157	1700010181	1700010211	1700010223	1700010241	1700010253	1700010259	1700010269
1700010311	1700010341	1700010343	1700010391	1700010407	1700010409	1700010419	1700010467	1700010493	1700010553
1700010607	1700010629	1700010649	1700010667	1700010677	1700010679	1700010691	1700010721	1700010733	1700010737
1700010773	1700010779	1700010791	1700010811	1700010833	1700010847	1700010853	1700010857	1700010859	1700010869
1700010877	1700010889	1700010911	1700010919	1700010967	1700011037	1700011043	1700011123	1700011129	1700011133
1700011147	1700011153	1700011177	1700011207	1700011267	1700011273	1700011277	1700011289	1700011297	1700011307
1700011367	1700011381	1700011393	1700011451	1700011471	1700011483	1700011531	1700011559	1700011589	1700011603
1700011609	1700011631	1700011669	1700011723	1700011771	1700011787	1700011793	1700011801	1700011843	1700011913
1700011919	1700011931	1700011939	1700011961	1700011969	1700011979	1700011993	1700012003	1700012011	1700012033
1700012063	1700012107	1700012113	1700012141	1700012183	1700012191	1700012201	1700012227	1700012261	1700012263
1700012299	1700012309	1700012329	1700012333	1700012351	1700012383	1700012387	1700012389	1700012399	1700012401
1700012411	1700012417	1700012429	1700012443	1700012453	1700012467	1700012519	1700012551	1700012581	1700012617

900000011	900000041	900000053	900000067	900000083	900000107	900000131	900000197	900000209	900000221
900000223	900000253	900000287	900000313	900000319	900000323	900000329	900000371	900000391	900000421
900000427	900000467	900000487	900000503	900000533	900000547	900000559	900000589	900000601	900000631
900000637	900000641	900000659	900000679	900000701	900000709	900000733	900000767	900000769	900000779
900000781	900000847	900000887	900000917	900000923	900000931	900000947	900000973	900001007	900001009
900001033	900001049	900001093	900001111	900001117	900001129	900001147	900001171	900001213	900001237
900001279	900001303	900001307	900001327	900001397	900001409	900001469	900001483	900001489	900001493
900001499	900001547	900001561	900001603	900001621	900001651	900001667	900001679	900001699	900001723
900001757	900001759	900001763	900001813	900001829	900001841	900001849	900001853	900001867	900001873
900001897	900001939	900001943	900001961	900002017	900002027	900002053	900002057	900002069	900002071
900002099	900002101	900002141	900002179	900002197	900002221	900002237	900002239	900002263	900002291
900002293	900002297	900002329	900002347	900002371	900002377	900002387	900002419	900002497	900002527
900002531	900002549	900002561	900002629	900002641	900002651	900002683	900002687	900002693	900002711
900002713	900002737	900002743	900002749	900002813	900002827	900002843	900002879	900002897	900002941
900002951	900002959	900003007	900003031	900003037	900003043	900003053	900003073	900003079	900003107
900003199	900003227	900003277	900003283	900003289	900003301	900003311	900003323	900003347	900003361
900003383	900003389	900003397	900003413	900003427	900003431	900003437	900003451	900003493	900003497
900003541	900003557	900003617	900003623	900003659	900003677	900003679	900003691	900003701	900003703
900003707	900003721	900003757	900003847	900003883	900003899	900003901	900003911	900003983	900003991
900004019	900004043	900004069	900004087	900004151	900004163	900004177	900004181	900004199	900004201
900004213	900004229	900004267	900004271	900004277	900004297	900004333	900004351	900004387	900004393
900004447	900004459	900004487	900004519	900004549	900004561	900004603	900004621	900004631	900004639
900004681	900004717	900004747	900004751	900004811	900004813	900004823	900004829	900004841	900004891
900004913	900004933	900004949	900004967	900004969	900004999	900005003	900005009	900005011	900005023
900005033	900005047	900005059	900005069	900005081	900005087	900005089	900005153	900005201	900005207
900005221	900005231	900005233	900005269	900005297	900005311	900005317	900005321	900005333	900005369
900005371	900005383	900005417	900005419	900005453	900005467	900005497	900005503	900005527	900005531
900005537	900005567	900005593	900005621	900005629	900005713	900005759	900005779	900005809	900005833
900005921	900005929	900005933	900005969	900005989	900006007	900006013	900006053	900006067	900006073
900006103	900006113	900006127	900006131	900006137	900006143	900006161	900006187	900006227	900006257
900006259	900006281	900006301	900006313	900006319	900006323	900006347	900006361	900006379	900006397
900006403	900006427	900006479	900006493	900006533	900006557	900006559	900006577	900006589	900006593
900006607	900006617	900006623	900006647	900006683	900006689	900006697	900006761	900006769	900006799
900006803	900006817	900006823	900006829	900006847	900006881	900006883	900006889	900006929	900006937
900006959	900006971	900006983	900007001	900007007	900007037	900007039	900007049	900007051	900007079
900007091	900007093	900007109	900007111	900007123	900007139	900007177	900007187	900007193	900007211
900007247	900007253	900007267	900007279	900007309	900007331	900007343	900007349	900007369	900007393
900007397	900007403	900007439	900007513	900007519	900007543	900007553	900007567	900007571	900007607
900007631	900007639	900007651	900007657	900007711	900007723	900007739	900007763	900007777	900007793
900007817	900007879	900007919	900007921	900007957	900007981	900007987	900007991	900008023	900008041
900008047	900008063	900008099	900008111	900008113	900008117	900008149	900008159	900008171	900008173
900008183	900008227	900008231	900008251	900008269	900008279	900008281	900008293	900008297	900008303
900008323	900008363	900008371	900008411	900008429	900008443	900008491	900008497	900008503	900008519
900008581	900008689	900008693	900008717	900008719	900008729	900008761	900008783	900008797	900008807
900008819	900008827	900008839	900008861	900008873	900008899	900008909	900008911	900008927	900008959
900009013	900009017	900009037	900009073	900009083	900009091	900009101	900009109	900009133	900009151
900009161	900009181	900009197	900009199	900009203	900009211	900009239	900009247	900009269	900009301
900009323	900009361	900009413	900009437	900009443	900009449	900009457	900009521	900009547	900009557
900009569	900009601	900009641	900009661	900009707	900009713	900009731	900009743	900009779	900009797
900009811	900009821	900009833	900009899	900009923	900009953	900009959	900009961	900009967	900009977
900009991	900010009	900010019	900010021	900010037	900010049	900010109	900010289	900010301	900010333
900010337	900010361	900010369	900010381	900010427	900010471	900010477	900010483	900010499	900010537
900010561	900010589	900010591	900010619	900010627	900010633	900010637	900010667	900010669	900010673
900010729	900010757	900010759	900010819	900010831	900010873	900010883	900010901	900010927	900010939
900010973	900010997	900011009	900011011	900011029	900011041	900011089	900011117	900011191	900011207
900011227	900011243	900011249	900011261	900011267	900011269	900011279	900011369	900011381	900011383
900011393	900011401	900011419	900011443	900011473	900011479	900011531	900011533	900011557	900011573
900011591	900011611	900011657	900011669	900011681	900011711	900011713	900011719	900011731	900011743
900011813	900011843	900011857	900011863	900011947	900011971	900011993	900011999	900012023	900012031
900012053	900012067	900012089	900012107	900012143	900012151	900012163	900012193	900012209	900012221
940000003	940000007	940000013	940000051	940000067	940000079	940000097	940000099	940000121	940000157
940000189	940000199	940000231	940000241	940000247	940000249	940000267	940000297	940000307	940000349
940000361	940000367	940000387	940000447	940000459	940000463	940000489	940000531	940000571	940000573
940000583	940000591	940000603	940000619	940000643	940000673	940000679	940000681	940000717	940000729
940000741	940000753	940000781	940000793	940000819	940000837	940000861	940000913	940000931	940000937
940000939	940000949	940000967	940000981	940000993	940001011	940001047	940001129	940001131	940001141
940001149	940001173	940001201	940001221	940001291	940001299	940001303	940001323	940001339	940001341
940001347	940001353	940001369	940001407	940001443	940001483	940001533	940001567	940001581	940001591
940001593	940001617	940001627	940001641	940001653	940001681	940001701	940001707	940001717	940001749
940001753	940001767	940001827	940001831	940001857	940001899	940001903	940001921	940001941	940001963
940001981	940002001	940002017	940002023	940002031	940002079	940002103	940002127	940002163	940002187
940002191	940002197	940002227	940002229	940002263	940002269	940002289	940002293	940002389	940002391
940002407	940002431	940002443	940002451	940002457	940002493	940002517	940002521	940002529	940002559
940002629	940002631	940002643	940002667	940002673	940002703	940002737	940002769	940002793	940002821
940002829	940002857	940002881	940002887	940002923	940002937	940002977	940002983	940002989	940003027
940003037	940003039	940003081	940003121	940003133	940003153	940003193	940003201	940003217	940003223
940003249	940003271	940003277	940003289	940003313	940003331	940003333	940003357	940003369	940003373
940003381	940003387	940003391	940003403	940003447	940003451	940003487	940003529	940003543	940003567
940003573	940003579	940003609	940003613	940003621	940003639	940003657	940003681	940003697	940003703
940003711	940003723	940003733	940003747	940003751	940003787	940003789	940003837	940003913	940003927
940003931	940003943	940003949	940003957	940003963	940003973	940004033	940004077	940004101	940004141
940004147	940004159	940004179	940004213	940004257	940004269	940004281	940004297	940004321	940004357
940004363	940004393	940004431	940004441	940004453	940004473	940004479	940004491	940004519	940004531
940004567	940004587	940004591	940004623	940004633	940004657	940004683	940004701	940004711	940004719
940004729	940004843	940004861	940004881	940004899	940004903	940004929	940004977	940005019	940005023
940005061	940005067	940005083	940005103	940005127	940005137	940005151	940005161	940005173	940005197
940005203	940005223	940005229	940005233	940005257	940005263	940005289	940005307	940005323	940005371
940005439	940005481	940005503	940005527	940005553	940005569	940005617	940005643	940005659	940005691
940005697	940005713	940005727	940005751	940005763	940005767	940005809	940005817	940005821	940005917
940005919	940005923	940005947	940005949	940005961	940005967	940006013	940006037	940006049	940006051
940006079	940006099	940006129	940006141	940006147	940006153	940006189	940006219	940006267	940006271
940006289	940006363	940006369	940006387	940006391	940006393	940006451	940006453	940006469	940006471
940006511	940006537	940006567	940006577	940006597	940006603	940006633	940006643	940006657	940006673
940006679	940006681	940006709	940006747	940006759	940006787	940006799	940006801	940006813	940006829
940006871	940006901	940006927	940006937	940006999	940007023	940007071	940007113	940007153	940007161
940007183	940007221	940007249	940007267	940007281	940007297	940007317	940007329	940007347	940007353
940007357	940007381	940007443	940007449	940007483	940007489	940007527	940007531	940007557	940007573
940007597	940007599	940007609	940007617	940007623	940007633	940007657	940007669	940007671	940007687
940007693	940007737	940007749	940007771	940007777	940007813	940007839	940007863	940007867	940007869
940007879	940007921	940007941	940007963	940008019	940008023	940008029	940008061	940008067	940008073
940008089	940008103	940008143	940008151	940008187	940008227	940008247	940008253	940008259	940008269
940008287	940008323	940008331	940008341	940008343	940008359	940008361	940008373	940008397	940008401
940008403	940008409	940008427	940008481	940008491	940008493	940008521	940008529	940008533	940008571
940008607	940008613	940008631	940008637	940008647	940008677	940008703	940008721	940008733	940008737
940008779	940008847	940008851	940008857	940008887	940008899	940008911	940008917	940008941	940008961
940008967	940008989	940008997	940009027	940009073	940009093	940009117	940009123	940009153	940009157
940009183	940009261	940009267	940009303	940009313	940009331	940009361	940009381	940009453	940009459
940009481	940009519	940009523	940009547	940009571	940009607	940009633	940009649	940009661	940009663
940009669	940009673	940009691	940009699	940009709	940009739	940009789	940009801	940009813	940009871
940009891	940009913	940009957	940009981	940009997	940010021	940010041	940010107	940010111	940010153
940010209	940010221	940010231	940010317	940010327	940010329	940010341	940010347	940010381	940010399
940010417	940010429	940010431	940010443	940010447	940010453	940010459	940010471	940010497	940010521
940010527	940010557	940010587	940010623	940010629	940010633	940010663	940010681	940010683	940010689
940010719	940010723	940010741	940010761	940010777	940010779	940010783	940010867	940010887	940010899
940010933	940010941	940010993	940011013	940011029	940011041	940011049	940011077	940011091	940011143
940011151	940011169	940011199	940011211	940011221	940011257	940011361	940011409	940011451	940011463
940011473	940011493	940011497	940011517	940011521	940011601	940011613	940011619	940011629	940011637
940011641	940011649	940011773	940011811	940011827	940011851	940011881	940011893	940011901	940011907
940011911	940011913	940011959	940011979	940012057	940012063	940012067	940012069	940012091	940012109
940012133	940012153	940012169	940012181	940012189	940012193	940012201	940012247	940012261	940012279
65000011	65000021	65000029	65000051	65000057	65000063	65000071	65000081	65000119	65000137
65000141	65000147	65000161	65000167	65000179	65000209	65000213	65000233	65000249	65000261
65000269	65000303	65000321	65000357	65000393	65000399	65000437	65000443	65000473	65000549
65000561	65000567	65000569	65000597	65000603	65000623	65000633	65000657	65000693	65000699
65000701	65000711	65000743	65000777	65000791	65000849	65000857	65000863	65000917	65000959
65000989	65001019	65001037	65001043	65001077	65001089	65001127	65001163	65001179	65001191
65001199	65001221	65001229	65001241	65001253	65001257	65001259	65001269	65001301	65001361
65001371	65001379	65001401	65001403	65001407	65001439	65001481	65001487	65001491	65001493
65001551	65001583	65001589	65001593	65001613	65001619	65001689	65001719	65001743	65001779
65001787	65001791	65001857	65001877	65001889	65001913	65001919	65001929	65001941	65001943
65001953	65001973	65001977	65002013	65002037	65002039	65002057	65002061	65002103	65002109
65002121	65002123	65002139	65002151	65002159	65002177	65002181	65002183	65002199	65002213
65002241	65002243	65002277	65002321	65002351	65002361	65002367	65002391	65002411	65002423
65002429	65002463	65002471	65002481	65002499	65002517	65002519	65002549	65002621	65002661
65002687	65002697	65002699	65002703	65002709	65002723	65002727	65002733	65002757	65002787
65002789	65002793	65002811	65002829	65002879	65002897	65002907	65002909	65002921	65002937
65002943	65002961	65002967	65002997	65003011	65003033	65003041	65003093	65003153	65003171
65003201	65003207	65003219	65003231	65003273	65003287	65003293	65003317	65003329	65003347
65003353	65003357	65003371	65003377	65003399	65003423	65003431	65003437	65003441	65003473
65003551	65003557	65003611	65003629	65003647	65003651	65003657	65003669	65003689	65003707
65003713	65003723	65003747	65003753	65003759	65003777	65003779	65003791	65003803	65003821
65003833	65003843	65003849	65003879	65003923	65003927	65003929	65003933	65003941	65003951
65003987	65003999	65004001	65004013	65004031	65004053	65004059	65004077	65004113	65004133
65004143	65004151	65004157	65004161	65004211	65004217	65004239	65004293	65004299	65004349
65004361	65004403	65004473	65004497	65004517	65004559	65004593	65004629	65004637	65004683
65004697	65004701	65004703	65004707	65004727	65004763	65004767	65004769	65004773	65004791
65004811	65004827	65004829	65004839	65004847	65004851	65004869	65004911	65004931	65004959
65005001	65005009	65005013	65005033	65005043	65005063	65005069	65005081	65005097	65005111
65005123	65005133	65005139	65005147	65005151	65005201	65005217	65005219	65005231	65005243
65005249	65005261	65005271	65005279	65005301	65005307	65005319	65005361	65005363	65005427
65005453	65005471	65005483	65005487	65005489	65005547	65005553	65005579	65005601	65005621
65005627	65005643	65005649	65005673	65005679	65005727	65005741	65005757	65005769	65005777
65005789	65005823	65005847	65005873	65005901	65005903	65005921	65005957	65005979	65005987
65006047	65006057	65006059	65006063	65006069	65006099	65006111	65006129	65006131	65006171
65006173	65006191	65006203	65006213	65006231	65006233	65006237	65006267	65006309	65006323
65006339	65006341	65006387	65006399	65006413	65006471	65006477	65006479	65006483	65006489
65006509	65006537	65006561	65006569	65006609	65006621	65006647	65006701	65006729	65006737
65006789	65006791	65006797	65006801	65006807	65006831	65006833	65006857	65006863	65006897
65006899	65006941	65006971	65006983	65007001	65007043	65007049	65007053	65007083	65007091
65007127	65007139	65007143	65007197	65007211	65007221	65007247	65007253	65007259	65007277
65007281	65007287	65007289	65007301	65007307	65007323	65007373	65007377	65007389	65007401
65007413	65007419	65007433	65007451	65007461	65007563	65007583	65007587	65007619	65007629
65007641	65007653	65007661	65007667	65007689	65007697	65007727	65007749	65007769	65007773
65007781	65007799	65007809	65007851	65007857	65007869	65007907	65007931	65007941	65007977
65007979	65008039	65008043	65008081	65008087	65008093	65008103	65008117	65008121	65008159
65008193	65008201	65008219	65008243	65008259	65008267	65008277	65008319	65008331	65008337
65008351	65008387	65008393	65008397	65008399	65008421	65008439	65008469	65008477	65008483
65008499	65008529	65008543	65008577	65008597	65008607	65008613	65008627	65008681	65008703
65008711	65008753	65008777	65008841	65008847	65008883	65008907	65008939	65008987	65008997
65009011	65009029	65009057	65009083	65009099	65009101	65009123	65009137	65009159	65009167
65009177	65009257	65009261	65009267	65009281	65009297	65009341	65009353	65009381	65009383
65009389	65009419	65009459	65009471	65009473	65009489	65009521	65009533	65009537	65009543
65009587	65009603	65009617	65009627	65009647	65009657	65009687	65009701	65009729	65009771
65009809	65009827	65009831	65009837	65009843	65009863	65009869	65009881	65009897	65009933
65009939	65009953	65010017	65010019	65010031	65010047	65010053	65010059	65010067	65010119
65010163	65010203	65010217	65010241	65010251	65010263	65010269	65010287	65010299	65010349
65010371	65010377	65010401	65010409	65010433	65010437	65010481	65010487	65010509	65010523
65010527	65010529	65010551	65010553	65010559	65010563	65010587	65010593	65010599	65010607
65010611	65010619	65010641	65010643	65010667	65010679	65010683	65010691	65010709	65010727
65010731	65010749	65010773	65010787	65010791	65010809	65010833	65010859	65010863	65010877
39000001	39000037	39000053	39000079	39000107	39000119	39000127	39000151	39000173	39000191
39000197	39000223	39000233	39000253	39000277	39000281	39000319	39000347	39000361	39000373
39000383	39000439	39000463	39000487	39000491	39000509	39000517	39000523	39000539	39000569
39000581	39000587	39000629	39000653	39000677	39000719	39000721	39000757	39000781	39000791
39000851	39000869	39000889	39000917	39000919	39000931	39000961	39000971	39000979	39001003
39001033	39001051	39001073	39001087	39001093	39001103	39001241	39001267	39001283	39001289
39001309	39001321	39001327	39001331	39001343	39001351	39001363	39001409	39001421	39001423
39001427	39001447	39001463	39001477	39001517	39001531	39001541	39001561	39001591	39001657
39001667	39001673	39001687	39001691	39001709	39001727	39001733	39001741	39001769	39001771
39001789	39001819	39001843	39001849	39001867	39001883	39001901	39001909	39001913	39001931
39001943	39001981	39001987	39001993	39002017	39002023	39002027	39002069	39002099	39002143
39002153	39002167	39002179	39002189	39002213	39002219	39002263	39002279	39002287	39002291
39002297	39002317	39002351	39002377	39002399	39002413	39002417	39002443	39002449	39002473
39002479	39002543	39002563	39002567	39002609	39002627	39002653	39002669	39002671	39002713
39002731	39002783	39002807	39002813	39002833	39002857	39002863	39002893	39002897	39002959
39002969	39002987	39002989	39003001	39003043	39003047	39003061	39003073	39003079	39003103
39003109	39003119	39003131	39003187	39003191	39003197	39003203	39003227	39003229	39003233
39003241	39003299	39003311	39003317	39003359	39003379	39003383	39003397	39003413	39003427
39003479	39003493	39003499	39003511	39003529	39003541	39003553	39003557	39003577	39003589
39003617	39003619	39003631	39003641	39003647	39003649	39003677	39003683	39003691	39003697
39003703	39003739	39003743	39003773	39003787	39003793	39003799	39003803	39003823	39003857
39003893	39003901	39003907	39003911	39003917	39003931	39003947	39003971	39003977	39003989
39004033	39004057	39004073	39004087	39004109	39004127	39004151	39004153	39004187	39004201
39004211	39004213	39004223	39004241	39004247	39004267	39004289	39004309	39004319	39004351
39004363	39004421	39004423	39004429	39004447	39004463	39004529	39004543	39004547	39004601
39004607	39004627	39004643	39004649	39004673	39004747	39004751	39004781	39004811	39004813
39004829	39004831	39004843	39004879	39004897	39004909	39004939	39004951	39004969	39004997
39005009	39005017	39005053	39005059	39005101	39005111	39005137	39005143	39005177	39005209
39005221	39005243	39005251	39005273	39005299	39005311	39005339	39005359	39005387	39005399
39005443	39005467	39005489	39005503	39005507	39005513	39005521	39005569	39005573	39005611
39005621	39005623	39005639	39005641	39005653	39005669	39005699	39005741	39005753	39005789
39005797	39005809	39005819	39005833	39005839	39005849	39005873	39005927	39005929	39005947
39005951	39005959	39005963	39005969	39005971	39006001	39006049	39006053	39006059	39006061
39006083	39006089	39006113	39006151	39006157	39006217	39006241	39006269	39006283	39006299
39006307	39006311	39006337	39006349	39006371	39006377	39006391	39006397	39006403	39006419
39006433	39006439	39006481	39006509	39006557	39006559	39006571	39006589	39006599	39006607
39006613	39006623	39006647	39006659	39006679	39006713	39006727	39006733	39006811	39006817
39006833	39006839	39006841	39006871	39006881	39006889	39006911	39006923	39006941	39006967
39007013	39007069	39007081	39007093	39007097	39007123	39007127	39007141	39007151	39007169
39007183	39007193	39007211	39007219	39007223	39007253	39007259	39007271	39007301	39007303
39007307	39007337	39007343	39007351	39007363	39007373	39007387	39007391	39007403	39007411
39007447	39007457	39007459	39007481	39007489	39007499	39007531	39007541	39007547	39007561
39007607	39007637	39007649	39007651	39007663	39007667	39007681	39007699	39007711	39007729
39007733	39007757	39007763	39007777	39007783	39007799	39007807	39007811	39007819	39007823
39007831	39007847	39007849	39007861	39007901	39007919	39007921	39007949	39007957	39007961
39007973	39007999	39008017	39008033	39008041	39008071	39008107	39008111	39008113	39008141
39008143	39008171	39008191	39008209	39008227	39008237	39008239	39008279	39008287	39008297
39008309	39008329	39008351	39008357	39008363	39008369	39008399	39008401	39008429	39008443
39008461	39008491	39008513	39008527	39008533	39008549	39008569	39008573	39008587	39008609
39008657	39008687	39008719	39008737	39008743	39008747	39008771	39008773	39008779	39008813
39008831	39008861	39008899	39008903	39008909	39008923	39008953	39008993	39009011	39009017
39009037	39009043	39009077	39009119	39009121	39009143	39009151	39009161	39009181	39009221
39009227	39009233	39009241	39009277	39009287	39009307	39009329	39009361	39009367	39009371
39009401	39009427	39009457	39009461	39009479	39009497	39009511	39009539	39009547	39009589
39009599	39009629	39009631	39009653	39009661	39009709	39009721	39009731	39009757	39009769
39009779	39009809	39009821	39009823	39009827	39009829	39009833	39009847	39009853	39009871
39009881	39009913	39009923	39009941	39009989	39009991	39010003	39010039	39010043	39010051
39010061	39010123	39010163	39010193	39010217	39010219	39010243	39010267	39010319	39010327
39010333	39010357	39010403	39010409	39010457	39010459	39010471	39010501	39010513	39010519
39010523	39010541	39010547	39010561	39010571	39010583	39010603	39010607	39010661	39010663
39010669	39010681	39010687	39010693	39010709	39010711	39010729	39010757	39010787
39010793	39010813	39010831	39010841	39010861	39010901	39010919	39010931	39010943	39010963
39010973	39010997	39011029	39011057	39011087	39011099	39011101	39011117	39011129	39011153
39011179	39011183	39011201	39011207	39011221	39011239	39011249	39011251	39011257	39011309
39011317	39011341	39011359	39011369	39011383	39011417	39011429	39011437	39011443	39011471
39011477	39011501	39011507	39011509	39011521	39011527	39011537	39011573	39011593	39011603
39011629	39011633	39011659	39011663	39011677	39011683	39011729	39011737	39011741	39011747
39011759	39011767	39011771	39011773	39011783	39011789	39011827	39011837	39011851	39011881
39011893	39011939	39011953	39011963	39011969	39011977	39012011	39012037	39012041	39012049
39012053	39012079	39012089	39012091	39012101	39012119	39012133	39012173	39012191	39012247
39012251	39012269	39012283	39012287	39012313	39012329	39012341	39012359	39012371	39012401
39012409	39012419	39012451	39012461	39012487	39012503	39012581	39012593	39012619	39012641
39012647	39012667	39012683	39012691	39012707	39012709	39012737	39012751	39012767	39012781
39012811	39012817	39012829	39012847	39012851	39012893	39012907	39012923	39012931	39012937
39012971	39013019	39013021	39013027	39013031	39013049	39013063	39013067	39013081	39013103
39013111	39013153	39013187	39013193	39013223	39013231	39013277	39013279	39013297	39013307
39013309	39013333	39013357	39013361	39013367	39013379	39013397	39013399	39013409	39013421
39013433	39013483	39013493	39013501	39013519	39013523	39013537	39013549	39013553	39013567
39013571	39013603	39013621	39013679	39013687	39013693	39013697	39013703	39013721	39013747
39013757	39013763	39013789	39013813	39013817	39013853	39013907	39013921	39013937	39013939
39013979	39013981	39013987	39013993	39013999	39014093	39014117	39014123	39014159	39014161
39014177	39014191	39014221	39014249	39014257	39014291	39014293	39014299	39014333	39014351
39014357	39014359	39014363	39014377	39014383	39014389	39014401	39014407	39014431	39014477
39014497	39014531	39014557	39014561	39014579	39014587	39014593	39014597	39014603	39014611
39014617	39014627	39014629	39014641	39014671	39014683	39014737	39014743	39014749	39014783
39014797	39014839	39014849	39014851	39014863	39014873	39014887	39014893	39014917	39014933
39014939	39014981	39014993	39015007	39015071	39015073	39015083	39015091	39015157	39015167
39015169	39015211	39015253	39015269	39015299	39015331	39015349	39015371	39015401	39015407
39015419	39015433	39015439	39015451	39015463	39015467	39015481	39015497	39015523	39015551
39015563	39015583	39015589	39015619	39015637	39015667	39015671	39015677	39015703	39015719
39015733	39015773	39015811	39015839	39015863	39015877	39015919	39015923	39015929	39015931
39015937	39015943	39015947	39015953	39015971	39015989	39016009	39016013	39016039	39016057
39016069	39016099	39016111	39016121	39016147	39016151	39016183	39016249	39016261	39016277
39016279	39016337	39016363	39016381	39016403	39016421	39016423	39016429	39016433	39016447
39016457	39016459	39016477	39016489	39016493	39016499	39016501	39016531	39016553	39016561
39016577	39016589	39016591	39016651	39016657	39016667	39016727	39016729	39016777	39016793
39016807	39016811	39016829	39016841	39016891	39016897	39016931	39016933	39016949	39016951
39016973	39016997	39017009	39017047	39017053	39017081	39017101	39017107	39017119	39017123
39017141	39017149	39017179	39017243	39017257	39017291	39017299	39017323	39017371	39017399
39017417	39017423	39017449	39017477	39017479	39017497	39017509	39017513	39017579	39017581
39017597	39017599	39017611	39017633	39017639	39017653	39017663	39017677	39017681	39017687
39017711	39017753	39017777	39017791	39017801	39017819	39017827	39017831	39017833	39017879
39017897	39017917	39017921	39017929	39017969	39017981	39017987	39018013	39018061	39018073
39018103	39018107	39018113	39018127	39018139	39018167	39018173	39018193	39018209	39018227
39018251	39018257	39018271	39018277	39018283	39018289	39018341	39018359	39018379	39018389
39018391	39018409	39018431	39018437	39018439	39018443	39018479	39018487	39018493	39018523
39018583	39018613	39018619	39018631	39018641	39018667	39018671	39018737	39018751	39018767
39018773	39018781	39018809	39018821	39018823	39018911	39018919	39018937	39018953	39018983
39019021	39019031	39019033	39019037	39019061	39019067	39019069	39019093	39019129	39019133
39019153	39019163	39019171	39019177	39019207	39019231	39019243	39019261	39019283	39019307
39019313	39019327	39019333	39019363	39019391	39019397	39019439	39019441	39019481	39019489
39019499	39019507	39019517	39019531	39019553	39019579	39019609	39019613	39019621	39019639
39019649	39019679	39019733	39019751	39019769	39019801	39019817	39019831	39019843	39019853
39019873	39019889	39019909	39019919	39019927	39019933	39019949	39019951	39019957	39019961
39019969	39019973	39019999	39020057	39020071	39020077	39020087	39020099	39020101	39020123
39020141	39020171	39020183	39020207	39020231	39020263	39020273	39020291	39020327	39020329
39020339	39020347	39020353	39020383	39020411	39020437	39020453	39020461	39020467	39020483
39020519	39020543	39020557	39020587	39020603	39020609	39020629	39020633	39020647	39020659
39020687	39020701	39020717	39020753	39020759	39020767	39020789	39020803	39020809	39020827
39020833	39020843	39020897	39020911	39020923	39020957	39020959	39020963	39020981	39020987
5430201011	5430201037	5430201107	5430201109	5430201143	5430201209	5430201221	5430201241	5430201277	5430201299
5430201317	5430201341	5430201391	5430201401	5430201407	5430201409	5430201419	5430201533	5430201563	5430201593
5430201617	5430201619	5430201649	5430201787	5430201841	5430201851	5430201901	5430201929	5430201937	5430201943
5430201949	5430201961	5430201967	5430201977	5430201979	5430202009	5430202013	5430202027	5430202039	5430202061
5430202069	5430202081	5430202111	5430202189	5430202201	5430202207	5430202247	5430202277	5430202289	5430202307
5430202313	5430202343	5430202357	5430202367	5430202391	5430202409	5430202423	5430202429	5430202433	5430202471
5430202487	5430202499	5430202501	5430202511	5430202517	5430202553	5430202567	5430202571	5430202573	5430202633
5430202639	5430202649	5430202691	5430202721	5430202727	5430202777	5430202787	5430202807	5430202861	5430202919
5430202937	5430202979	5430202993	5430202997	5430203041	5430203047	5430203063	5430203081	5430203113	5430203137
5430203161	5430203167	5430203179	5430203197	5430203231	5430203243	5430203297	5430203299	5430203321	5430203341
5430203411	5430203419	5430203459	5430203479	5430203497	5430203501	5430203503	5430203521	5430203551	5430203573
5430203579	5430203593	5430203599	5430203627	5430203671	5430203677	5430203711	5430203741	5430203761	5430203773
5430203783	5430203809	5430203833	5430203887	5430203921	5430203927	5430203969	5430204019	5430204049	5430204121
5430204133	5430204149	5430204223	5430204229	5430204233	5430204301	5430204319	5430204337	5430204419	5430204421
5430204443	5430204487	5430204511	5430204523	5430204551	5430204581	5430204589	5430204649	5430204691	5430204701
5430204721	5430204749	5430204827	5430204833	5430204839	5430204859	5430204877	5430204919	5430204947	5430204977
5430205037	5430205051	5430205061	5430205069	5430205129	5430205133	5430205139	5430205141	5430205147	5430205181
5430205201	5430205247	5430205267	5430205289	5430205307	5430205337	5430205343	5430205357	5430205373	5430205463
5430205477	5430205513	5430205523	5430205531	5430205537	5430205549	5430205579	5430205591	5430205633	5430205663
5430205721	5430205777	5430205783	5430205801	5430205817	5430205867	5430205873	5430205889	5430205897	5430205919
5430205987	5430205993	5430205997	5430206021	5430206051	5430206063	5430206081	5430206101	5430206189	5430206191
5430206203	5430206207	5430206261	5430206263	5430206273	5430206311	5430206329	5430206371	5430206377	5430206443
5430206473	5430206491	5430206503	5430206533	5430206557	5430206563	5430206599	5430206609	5430206611	5430206651
5430206653	5430206671	5430206693	5430206737	5430206767	5430206813	5430206851	5430206893	5430206927	5430206933
5430206941	5430206953	5430207001	5430207043	5430207047	5430207137	5430207143	5430207151	5430207179	5430207191
5430207193	5430207197	5430207229	5430207247	5430207253	5430207259	5430207271	5430207281	5430207311	5430207317
5430207319	5430207323	5430207331	5430207361	5430207389	5430207413	5430207443	5430207479	5430207493	5430207527
5430207529	5430207539	5430207547	5430207553	5430207577	5430207589	5430207599	5430207647	5430207763	5430207799
5430207817	5430207821	5430207833	5430207859	5430207877	5430207883	5430207919	5430207941	5430207943	5430207947
5430208009	5430208033	5430208081	5430208103	5430208109	5430208123	5430208139	5430208159	5430208169	5430208177
5430208181	5430208213	5430208219	5430208237	5430208249	5430208361	5430208363	5430208367	5430208409	5430208411
5430208481	5430208489	5430208549	5430208571	5430208579	5430208601	5430208639	5430208643	5430208649	5430208661
5430208669	5430208673	5430208681	5430208687	5430208699	5430208727	5430208747	5430208781	5430208789	5430208793
5430208801	5430208877	5430208933	5430208963	5430208981	5430208997	5430209009	5430209039	5430209041	5430209051
5430209087	5430209123	5430209189	5430209251	5430209261	5430209327	5430209339	5430209359	5430209363	5430209401
5430209461	5430209497	5430209567	5430209573	5430209597	5430209611	5430209623	5430209627	5430209639	5430209663
5430209677	5430209731	5430209737	5430209791	5430209801	5430209809	5430209821	5430209833	5430209839	5430209881
5430209959	5430209971	5430209977	5430209987	5430210007	5430210031	5430210073	5430210103	5430210119	5430210131
5430210173	5430210209	5430210211	5430210221	5430210257	5430210341	5430210349	5430210403	5430210419	5430210433
5430210479	5430210481	5430210493	5430210521	5430210529	5430210547	5430210551	5430210619	5430210623	5430210629
5430210661	5430210677	5430210679	5430210689	5430210701	5430210713	5430210719	5430210727	5430210749	5430210809
5430210817	5430210889	5430210893	5430210917	5430210931	5430210959	5430210977	5430210991	5430211067	5430211079
5430211099	5430211121	5430211133	5430211147	5430211181	5430211273	5430211291	5430211331	5430211351	5430211357
5430211433	5430211463	5430211469	5430211471	5430211477	5430211481	5430211487	5430211489	5430211537	5430211541
5430211543	5430211561	5430211573	5430211583	5430211637	5430211663	5430211729	5430211739	5430211777	5430211783
5430211789	5430211823	5430211849	5430211867	5430211873	5430211921	5430211931	5430211987	5430211993	5430212033
5430212059	5430212089	5430212111	5430212119	5430212153	5430212189	5430212287	5430212299	5430212303	5430212327
5430212339	5430212341	5430212353	5430212357	5430212377	5430212423	5430212461	5430212509	5430212527	5430212549
5430212591	5430212603	5430212653	5430212659	5430212687	5430212729	5430212737	5430212747	5430212771	5430212791
5430212813	5430212857	5430212873	5430212923	5430212933	5430212941	5430212971	5430213007	5430213017	5430213029
5430213043	5430213071	5430213073	5430213101	5430213127	5430213157	5430213169	5430213193	5430213211	5430213293
5430213317	5430213391	5430213403	5430213413	5430213427	5430213461	5430213463	5430213517	5430213539	5430213541
5430213563	5430213587	5430213617	5430213629	5430213637	5430213653	5430213671	5430213683	5430213689	5430213709
5430213713	5430213731	5430213743	5430213749	5430213769	5430213781	5430213809	5430213821	5430213823	5430213847
5430213853	5430213883	5430213907	5430213913	5430213931	5430213937	5430213947	5430213979	5430214019	5430214051
5430214061	5430214087	5430214099	5430214147	5430214157	5430214189	5430214199	5430214213	5430214247	5430214249
5430214267	5430214271	5430214277	5430214289	5430214297	5430214319	5430214331	5430214357	5430214367	5430214381
5430214397	5430214453	5430214457	5430214469	5430214501	5430214553	5430214561	5430214631	5430214633	5430214637
5430214639	5430214663	5430214747	5430214759	5430214771	5430214787	5430214793	5430214807	5430214813	5430214849
5430214859	5430214871	5430214879	5430214897	5430214901	5430214927	5430214931	5430214943	5430214949	5430214957
6930201007	6930201017	6930201029	6930201041	6930201101	6930201119	6930201127	6930201149	6930201163	6930201191
6930201197	6930201217	6930201251	6930201263	6930201281	6930201287	6930201353	6930201367	6930201389	6930201433
6930201469	6930201479	6930201529	6930201563	6930201611	6930201671	6930201673	6930201709	6930201727	6930201739
6930201743	6930201757	6930201791	6930201799	6930201809	6930201871	6930201907	6930201919	6930201923	6930201937
6930201953	6930201959	6930201977	6930201989	6930202033	6930202043	6930202087	6930202109	6930202141	6930202187
6930202189	6930202193	6930202219	6930202351	6930202361	6930202393	6930202441	6930202501	6930202511	6930202547
6930202579	6930202603	6930202621	6930202627	6930202637	6930202667	6930202679	6930202681	6930202691	6930202693
6930202757	6930202759	6930202771	6930202787	6930202831	6930202859	6930202883	6930202913	6930202931	6930202997
6930202999	6930203009	6930203023	6930203041	6930203053	6930203057	6930203069	6930203101	6930203123	6930203129
6930203141	6930203179	6930203197	6930203213	6930203237	6930203257	6930203311	6930203359	6930203369	6930203381
6930203443	6930203461	6930203519	6930203549	6930203587	6930203617	6930203639	6930203641	6930203647	6930203677
6930203701	6930203737	6930203803	6930203809	6930203831	6930203837	6930203873	6930203881	6930203941	6930203947
6930203957	6930203989	6930204067	6930204089	6930204167	6930204181	6930204187	6930204277	6930204283	6930204289
6930204301	6930204317	6930204319	6930204341	6930204361	6930204367	6930204373	6930204389	6930204397	6930204401
6930204409	6930204433	6930204461	6930204493	6930204503	6930204509	6930204551	6930204629	6930204637	6930204643
6930204653	6930204679	6930204691	6930204739	6930204797	6930204803	6930204829	6930204833	6930204877	6930204881
6930204889	6930204893	6930204973	6930205019	6930205021	6930205063	6930205109	6930205127	6930205153	6930205169
6930205189	6930205199	6930205201	6930205229	6930205241	6930205259	6930205297	6930205307	6930205327	6930205333
6930205343	6930205351	6930205357	6930205379	6930205423	6930205459	6930205537	6930205543	6930205571	6930205591
6930205613	6930205619	6930205621	6930205627	6930205663	6930205679	6930205729	6930205741	6930205813	6930205829
6930205859	6930205861	6930205889	6930205937	6930205943	6930205967	6930205973	6930205993	6930205999	6930206029
6930206039	6930206051	6930206083	6930206089	6930206099	6930206117	6930206123	6930206137	6930206141	6930206149
6930206189	6930206197	6930206201	6930206273	6930206303	6930206321	6930206323	6930206329	6930206341	6930206351
6930206369	6930206377	6930206399	6930206441	6930206453	6930206467	6930206477	6930206483	6930206527	6930206537
6930206561	6930206609	6930206627	6930206651	6930206653	6930206663	6930206779	6930206831	6930206861	6930206867
6930206869	6930206873	6930206939	6930206963	6930206971	6930206977	6930207017	6930207023	6930207043	6930207049
6930207103	6930207113	6930207143	6930207149	6930207157	6930207161	6930207191	6930207197	6930207203	6930207209
6930207217	6930207223	6930207253	6930207281	6930207283	6930207287	6930207299	6930207341	6930207353	6930207367
6930207371	6930207379	6930207413	6930207419	6930207467	6930207469	6930207503	6930207509	6930207521	6930207577
6930207619	6930207629	6930207637	6930207667	6930207701	6930207727	6930207731	6930207751	6930207787	6930207793
6930207799	6930207803	6930207827	6930207829	6930207841	6930207847	6930207859	6930207881	6930207887	6930207937
6930207941	6930207979	6930208001	6930208073	6930208081	6930208099	6930208111	6930208163	6930208189	6930208199
6930208217	6930208237	6930208249	6930208267	6930208277	6930208309	6930208339	6930208343	6930208357	6930208459
6930208469	6930208471	6930208501	6930208507	6930208513	6930208543	6930208601	6930208603	6930208613	6930208633
6930208667	6930208673	6930208693	6930208697	6930208699	6930208739	6930208757	6930208759	6930208777	6930208781
6930208787	6930208799	6930208807	6930208811	6930208819	6930208823	6930208837	6930208847	6930208861	6930208921
6930208939	6930208951	6930208981	6930209003	6930209009	6930209021	6930209023	6930209053	6930209147	6930209161
6930209197	6930209201	6930209227	6930209317	6930209347	6930209357	6930209381	6930209383	6930209411	6930209413
6930209441	6930209471	6930209479	6930209497	6930209501	6930209513	6930209543	6930209551	6930209567	6930209593
6930209617	6930209639	6930209687	6930209707	6930209729	6930209747	6930209753	6930209761	6930209771	6930209807
6930209809	6930209821	6930209843	6930209849	6930209857	6930209887	6930209899	6930209917	6930209933	6930209977
6930209981	6930210029	6930210031	6930210037	6930210047	6930210059	6930210083	6930210107	6930210137	6930210227
6930210229	6930210241	6930210257	6930210263	6930210281	6930210307	6930210317	6930210337	6930210373	6930210377
6930210403	6930210407	6930210421	6930210433	6930210451	6930210503	6930210559	6930210563	6930210577	6930210629
6930210631	6930210641	6930210733	6930210751	6930210757	6930210827	6930210887	6930210913	6930210961	6930211003
6930211009	6930211021	6930211027	6930211073	6930211081	6930211087	6930211091	6930211117	6930211133	6930211139
6930211151	6930211187	6930211193	6930211303	6930211307	6930211349	6930211361	6930211369	6930211399	6930211447
6930211469	6930211499	6930211511	6930211513	6930211529	6930211571	6930211579	6930211597	6930211633	6930211643
6930211663	6930211667	6930211669	6930211679	6930211699	6930211733	6930211759	6930211781	6930211801	6930211901
6930211973	6930211997	6930212021	6930212063	6930212071	6930212101	6930212117	6930212131	6930212141	6930212183
6930212249	6930212251	6930212287	6930212321	6930212339	6930212357	6930212407	6930212417	6930212453	6930212477
6930212489	6930212561	6930212567	6930212579	6930212687	6930212689	6930212713	6930212717	6930212749	6930212753
6930212771	6930212819	6930212833	6930212851	6930212873	6930212897	6930212923	6930212941	6930212951	6930212957
6930212977	6930212987	6930213011	6930213019	6930213023	6930213049	6930213113	6930213151	6930213163	6930213181
6930213187	6930213193	6930213203	6930213223	6930213239	6930213263	6930213281	6930213287	6930213347	6930213373
6930213391	6930213397	6930213419	6930213431	6930213439	6930213443	6930213449	6930213457	6930213469	6930213473
6930213503	6930213527	6930213529	6930213611	6930213623	6930213643	6930213679	6930213749	6930213757	6930213769
6930213811	6930213821	6930213827	6930213833	6930213841	6930213869	6930213877	6930213889	6930213893	6930213907
6930213977	6930214037	6930214043	6930214063	6930214069	6930214097	6930214141	6930214171	6930214183	6930214189
6930214229	6930214241	6930214243	6930214273	6930214279	6930214289	6930214301	6930214349	6930214351	6930214381
6666666757	6666666767	6666666791	6666666823	6666666847	6666666889	6666666893	6666666917	6666666949	6666666973
6666666991	6666666997	6666667043	6666667097	6666667103	6666667109	6666667121	6666667127	6666667129	6666667157
6666667187	6666667193	6666667253	6666667303	6666667309	6666667321	6666667327	6666667331	6666667339	6666667367
6666667379	6666667391	6666667393	6666667429	6666667439	6666667463	6666667471	6666667489	6666667517	6666667529
6666667537	6666667597	6666667603	6666667627	6666667633	6666667681	6666667703	6666667717	6666667723	6666667727
6666667739	6666667811	6666667837	6666667853	6666667867	6666667933	6666667981	6666667993	6666668003	6666668009
6666668027	6666668033	6666668053	6666668069	6666668077	6666668117	6666668143	6666668147	6666668189	6666668209
6666668213	6666668233	6666668249	6666668257	6666668287	6666668299	6666668311	6666668321	6666668369	6666668383
6666668417	6666668471	6666668483	6666668521	6666668527	6666668539	6666668551	6666668599	6666668633	6666668641
6666668651	6666668663	6666668737	6666668747	6666668783	6666668803	6666668809	6666668821	6666668837	6666668849
6666668903	6666668941	6666669011	6666669013	6666669043	6666669047	6666669067	6666669091	6666669101	6666669103
6666669151	6666669173	6666669181	6666669197	6666669259	6666669271	6666669277	6666669281	6666669313	6666669329
6666669461	6666669469	6666669521	6666669533	6666669557	6666669587	6666669613	6666669661	6666669671	6666669673
6666669677	6666669679	6666669769	6666669773	6666669787	6666669791	6666669797	6666669803	6666669817	6666669827
6666669829	6666669857	6666669869	6666669887	6666669907	6666669937	6666669983	6666670039	6666670051	6666670057
6666670067	6666670147	6666670193	6666670217	6666670229	6666670237	6666670301	6666670319	6666670331	6666670333
6666670427	6666670441	6666670447	6666670463	6666670477	6666670487	6666670501	6666670519	6666670609	6666670613
6666670709	6666670711	6666670739	6666670763	6666670781	6666670789	6666670799	6666670811	6666670837	6666670873
6666670891	6666670897	6666670909	6666670919	6666670973	6666670979	6666670981	6666670991	6666671009	6666671027
6666671107	6666671131	6666671171	6666671191	6666671203	6666671213	6666671237	6666671239	6666671251	6666671257
6666671269	6666671317	6666671357	6666671377	6666671383	6666671393	6666671411	6666671413	6666671423	6666671471
6666671477	6666671483	6666671527	6666671603	6666671617	6666671653	6666671677	6666671707	6666671723	6666671741
6666671849	6666671867	6666671881	6666671903	6666671909	6666671927	6666671933	6666671981	6666671983	6666672007
6666672011	6666672031	6666672041	6666672049	6666672083	6666672113	6666672167	6666672169	6666672209	6666672211
6666672239	6666672251	6666672307	6666672319	6666672323	6666672347	6666672377	6666672379	6666672403	6666672409
6666672431	6666672479	6666672487	6666672517	6666672539	6666672541	6666672577	6666672629	6666672637	6666672697
6666672703	6666672713	6666672739	6666672773	6666672781	6666672799	6666672821	6666672827	6666672911	6666672973
6666672979	6666672983	6666672997	6666673007	6666673019	6666673049	6666673067	6666673157	6666673171	6666673183
6666673213	6666673219	6666673229	6666673231	6666673253	6666673261	6666673289	6666673309	6666673339	6666673361
6666673379	6666673421	6666673477	6666673483	6666673501	6666673549	6666673639	6666673649	6666673679	6666673691
6666673753	6666673823	6666673859	6666673919	6666673931	6666673933	6666673939	6666673943	6666673967	6666673987
6666674057	6666674099	6666674107	6666674159	6666674207	6666674249	6666674263	6666674303	6666674347	6666674353
6666674359	6666674383	6666674471	6666674473	6666674477	6666674479	6666674489	6666674503	6666674519	6666674561
6666674603	6666674611	6666674617	6666674621	6666674629	6666674653	6666674659	6666674671	6666674687	6666674719
6666674737	6666674741	6666674753	6666674783	6666674827	6666674857	6666674863	6666674873	6666674923	6666674939
6666674941	6666675011	6666675017	6666675053	6666675077	6666675091	6666675101	6666675107	6666675149	6666675163
6666675229	6666675233	6666675241	6666675259	6666675289	6666675311	6666675313	6666675343	6666675349	6666675371
6666675383	6666675391	6666675401	6666675403	6666675479	6666675487	6666675493	6666675529	6666675539	6666675541
6666675623	6666675637	6666675641	6666675671	6666675703	6666675739	6666675781	6666675793	6666675797	6666675811
6666675823	6666675881	6666675893	6666675923	6666675929	6666676001	6666676007	6666676013	6666676019	6666676057
6666676061	6666676069	6666676087	6666676127	6666676141	6666676147	6666676187	6666676189	6666676193	6666676217
6666676297	6666676337	6666676343	6666676351	6666676369	6666676447	6666676459	6666676483	6666676501	6666676543
6666676553	6666676559	6666676561	6666676579	6666676589	6666676607	6666676609	6666676649	6666676651	6666676663
6666676669	6666676673	6666676733	6666676771	6666676787	6666676843	6666676859	6666676867	6666676879	6666676897
6666676901	6666676903	6666676931	6666676963	6666676969	6666676981	6666676997	6666677011	6666677063	6666677107
6666677119	6666677137	6666677183	6666677191	6666677219	6666677257	6666677261	6666677263	6666677291	6666677299
6666677323	6666677327	6666677333	6666677357	6666677363	6666677389	6666677393	6666677417	6666677419	6666677467
6666677513	6666677527	6666677533	6666677543	6666677569	6666677579	6666677593	6666677597	6666677621	6666677629
6666677681	6666677713	6666677741	6666677749	6666677753	6666677761	6666677807	6666677819	6666677821	6666677867
6666677881	6666677893	6666677911	6666677977	6666678001	6666678017	6666678047	6666678071	6666678077	6666678091
6666678101	6666678113	6666678127	6666678131	6666678157	6666678169	6666678191	6666678209	6666678211	6666678251
6666678259	6666678313	6666678341	6666678373	6666678449	6666678451	6666678467	6666678493	6666678497	6666678521
6666678553	6666678587	6666678643	6666678649	6666678653	6666678719	6666678721	6666678737	6666678757	6666678769
6666678779	6666678797	6666678803	6666678881	6666678899	6666678913	6666678923	6666678989	6666679031	6666679039
6666679057	6666679079	6666679109	6666679111	6666679127	6666679153	6666679163	6666679189	6666679249	6666679289
6666679303	6666679307	6666679309	6666679333	6666679339	6666679391	6666679399	6666679441	6666679457	6666679469
6666679501	6666679507	6666679517	6666679543	6666679583	6666679597	6666679601	6666679637	6666679681	6666679699
6666679753	6666679757	6666679763	6666679771	6666679781	6666679787	6666679823	6666679843	6666679879	6666679883
6666679907	6666679933	6666679963	6666679969	6666679979	6666680003	6666680021	6666680087	6666680099	6666680123
6666680129	6666680131	6666680149	6666680159	6666680219	6666680257	6666680287	6666680303	6666680359	6666680389